////////// HeapSort V-kszta速ne 100 //////////
23 1107 726 1833
23 1102 723 1825
23 1101 725 1826
24 1106 725 1831
23 1100 721 1821
22 1109 726 1835
22 1102 719 1821
23 1103 724 1827
22 1111 724 1835
22 1090 718 1808
////////// HeapSort V-kszta速ne 500 //////////
155 8271 5250
155 8305 5284
156 8311 5281
155 8282 5245
155 8282 5264
156 8296 5267
160 8269 5255
155 8295 5260
160 8301 5280
156 8306 5279
////////// HeapSort V-kszta速ne 1000 //////////
364 19042 12018
352 19088 12045
360 19065 12002
350 19023 12006
350 19058 12000
352 19084 12027
361 19063 12013
369 19048 11992
351 19079 12030
350 19080 12022
////////// HeapSort V-kszta速ne 1500 //////////
557 30588 19250
558 30647 19294
559 30660 19297
561 30658 19306
558 30641 19288
558 30678 19303
600 30634 19287
558 30681 19315
560 30665 19299
559 30629 19294
////////// HeapSort V-kszta速ne 2000 //////////
776 43012 26997
776 42984 26950
776 42998 26941
776 43022 26947
816 42995 26945
776 42978 26944
776 43001 26964
776 43021 26999
797 42951 26930
795 42985 26957
////////// HeapSort V-kszta速ne 2500 //////////
1028 55575 34865
998 55552 34842
1029 55573 34856
1043 55543 34859
998 55514 34832
999 55562 34838
1029 55577 34897
998 55519 34832
998 55551 34829
996 55496 34811
////////// HeapSort V-kszta速ne 3000 //////////
1259 68699 43012
1247 68712 43003
1263 68696 43012
1226 68707 43012
1227 68748 43059
1227 68746 43040
1238 68721 43011
1224 68692 43000
1225 68719 43020
1249 68698 43001
////////// HeapSort V-kszta速ne 3500 //////////
1465 82447 51527
1466 82429 51519
1467 82459 51536
1465 82396 51495
1466 82482 51529
1466 82450 51519
1466 82423 51497
1465 82466 51536
1509 82476 51531
1466 82461 51532
////////// HeapSort V-kszta速ne 4000 //////////
1700 95850 59828
1723 95836 59853
1703 95817 59848
1754 95792 59799
1750 95804 59815
1703 95826 59839
1738 95855 59837
1703 95853 59848
1701 95827 59797
1700 95809 59807
////////// HeapSort V-kszta速ne 4500 //////////
1941 109621 68474
1942 109569 68457
1938 109550 68453
1940 109550 68463
1999 109612 68491
1941 109579 68470
1943 109596 68496
1944 109547 68466
1942 109586 68451
1940 109650 68480
////////// HeapSort V-kszta速ne 5000 //////////
2229 123363 77073
2183 123253 77031
2183 123356 77082
2181 123278 77029
2183 123300 77059
2180 123304 77039
2228 123349 77057
2184 123367 77072
2183 123356 77113
2183 123318 77041
////////// HeapSort V-kszta速ne 5500 //////////
2433 137694 86010
2428 137699 85949
2460 137797 86023
2541 137689 85972
2502 137745 85998
2427 137684 85977
2429 137676 85982
2434 137734 86015
2426 137650 85977
2427 137634 85942
////////// HeapSort V-kszta速ne 6000 //////////
2727 152178 94969
2679 152162 94968
2678 152235 94975
2679 152189 94990
2701 152113 94907
2678 152166 94944
2706 152195 94944
2736 152236 94970
2704 152105 94895
2701 152180 94946
////////// HeapSort V-kszta速ne 6500 //////////
2932 167022 104119
2933 166990 104067
2931 166978 104086
2930 166947 104087
3013 166922 104037
3099 166778 103981
2941 166941 104086
2931 166963 104058
2930 166908 104075
2930 166941 104020
////////// HeapSort V-kszta速ne 7000 //////////
3191 181841 113172
3192 181890 113271
3287 181860 113197
3199 181930 113240
3201 181987 113293
3198 181986 113301
3233 181935 113208
3202 181863 113223
3224 181881 113235
3351 181970 113288
////////// HeapSort V-kszta速ne 7500 //////////
3528 196786 122510
3452 196862 122545
3468 196927 122565
3450 196886 122548
3554 196961 122632
3446 196802 122508
3481 196856 122500
3452 196779 122491
3600 196872 122541
3446 196818 122528
////////// HeapSort V-kszta速ne 8000 //////////
3696 211287 131418
3697 211327 131475
3734 211426 131498
3759 211338 131471
3731 211387 131456
3696 211330 131458
3747 211428 131509
3692 211359 131500
3703 211379 131494
3751 211353 131502
////////// HeapSort V-kszta速ne 8500 //////////
3948 226096 140622
4092 226099 140635
3936 226179 140675
4112 226160 140643
3931 226140 140646
3948 226225 140715
3918 226160 140649
3936 226135 140676
3946 226176 140653
3934 226189 140661
////////// HeapSort V-kszta速ne 9000 //////////
4220 241309 150147
4195 241447 150210
4206 241473 150270
4193 241245 150118
4334 241338 150143
4193 241450 150252
4216 241411 150214
4211 241373 150184
4204 241369 150222
4216 241413 150207
////////// HeapSort V-kszta速ne 9500 //////////
4494 256178 159411
4474 256263 159415
4497 256166 159349
4482 256170 159375
4638 256193 159415
4493 256237 159444
4471 256177 159357
4529 256234 159366
4495 256153 159409
4445 256203 159370
////////// HeapSort V-kszta速ne 10000 //////////
4707 271622 169083
4709 271699 169113
4708 271589 169048
4705 271631 169069
4791 271601 169076
4711 271593 169081
4895 271627 169077
4775 271559 169027
4826 271527 169007
4876 271573 169056
