////////// HeapSort Losowo 500 //////////
140 7597 4281
146 7662 4321
141 7618 4273
141 7607 4298
140 7591 4273
140 7598 4264
141 7671 4340
141 7602 4294
139 7550 4244
144 7604 4282
////////// HeapSort Losowo 1000 //////////
321 17214 9560
315 17254 9623
312 17239 9572
317 17417 9759
314 17278 9634
314 17311 9673
314 17277 9645
311 17184 9539
327 17318 9683
312 17251 9597
////////// HeapSort Losowo 1500 //////////
499 27764 15359
541 27807 15431
512 27715 15335
497 27734 15364
497 27708 15322
494 27583 15191
498 27804 15410
538 27749 15316
512 27755 15399
510 27685 15295
////////// HeapSort Losowo 2000 //////////
705 38434 21166
689 38483 21252
684 38404 21125
689 38590 21286
709 38464 21186
685 38454 21184
705 38387 21123
712 38612 21313
686 38400 21129
685 38429 21151
////////// HeapSort Losowo 2500 //////////
887 49882 27453
885 49865 27389
883 49759 27285
888 49856 27434
888 49991 27514
884 49738 27305
883 49853 27403
883 49766 27312
909 49722 27279
882 49707 27265
////////// HeapSort Losowo 3000 //////////
1085 61460 33675
1105 61651 33866
1112 61414 33661
1087 61422 33634
1085 61279 33529
1089 61382 33661
1088 61444 33645
1122 61467 33736
1114 61390 33617
1087 61479 33719
////////// HeapSort Losowo 3500 //////////
1293 73187 40022
1315 73167 40098
1292 73013 39876
1295 73239 40069
1327 73112 39970
1294 73225 40094
1288 73031 39919
1297 73319 40183
1298 73306 40141
1294 73167 40043
////////// HeapSort Losowo 4000 //////////
1541 84945 46364
1497 85004 46424
1502 85023 46482
1507 85155 46600
1588 85110 46572
1504 85095 46532
1501 85066 46544
1502 85124 46554
1502 85052 46444
1500 84992 46387
////////// HeapSort Losowo 4500 //////////
1715 97314 53170
1717 97455 53254
1760 97255 53115
1716 97453 53274
1759 97113 52960
1764 97327 53062
1712 97242 53120
1716 97309 53148
1711 97234 53104
1763 97313 53146
////////// HeapSort Losowo 5000 //////////
1981 109595 59691
1985 109830 59898
1924 109651 59755
1926 109593 59675
1954 109963 60055
1978 109531 59641
1928 109717 59799
1985 109630 59774
1926 109585 59696
1934 109809 59957
////////// HeapSort Losowo 5500 //////////
2186 122365 66653
2201 122108 66437
2141 122195 66498
2151 122523 66799
2133 121970 66317
2141 122169 66460
2141 122185 66548
2149 122357 66678
2207 122272 66605
2140 122151 66419
////////// HeapSort Losowo 6000 //////////
2359 134921 73401
2526 134815 73314
2365 134966 73485
2361 134809 73356
2364 135012 73463
2365 135061 73545
2391 134730 73258
2362 134908 73390
2427 134792 73283
2404 134711 73196
////////// HeapSort Losowo 6500 //////////
2669 147820 80443
2652 147267 79917
2572 147305 79944
2578 147561 80149
2587 147837 80466
2584 147706 80313
2584 147665 80280
2634 147845 80415
2657 147654 80296
2589 147711 80373
////////// HeapSort Losowo 7000 //////////
2800 160233 86945
4525 160201 86967
2855 160316 87053
2803 160430 87153
2798 160294 86982
2886 160183 86922
2800 160142 86853
2800 160271 87045
2804 160460 87294
2846 160249 86970
////////// HeapSort Losowo 7500 //////////
3019 172812 93666
3031 173211 94129
3137 173205 93974
3086 173249 94052
3113 173012 93869
3027 173264 94048
3048 173168 93940
3025 173059 93896
3096 172913 93776
3030 173311 94113
////////// HeapSort Losowo 8000 //////////
3257 185916 100853
3249 185819 100692
3256 186214 101099
3339 185722 100712
3247 185847 100704
3349 186082 100947
3254 185948 100831
3254 186022 100896
3273 186060 100959
3257 186063 100976
////////// HeapSort Losowo 8500 //////////
3499 199125 107950
3479 199241 108045
3481 199094 107912
3468 198967 107841
3488 199173 108014
3548 199060 107894
3571 199050 107828
3473 199130 107960
3468 198810 107607
3523 198943 107776
////////// HeapSort Losowo 9000 //////////
3755 212220 114888
3813 212663 115275
3765 212410 115160
3751 212426 115099
3706 212412 115064
3697 212463 115121
3794 212427 115023
3708 212452 115153
3803 212525 115161
3704 212442 115067
////////// HeapSort Losowo 9500 //////////
4037 226246 122677
4007 226108 122500
3917 225833 122235
3920 225854 122336
3952 225804 122283
3951 225515 122085
3915 225733 122152
4033 226039 122451
3940 225945 122444
3927 226094 122529
////////// HeapSort Losowo 10000 //////////
4167 239122 129307
4143 239336 129500
4192 239233 129417
4346 239441 129622
4186 239231 129501
4142 239075 129314
4144 239234 129409
4197 239423 129624
4236 239529 129683
4215 239643 129752
