////////// HeapSort A-kszta速ne 100 //////////
18 990 546 1536
18 1005 557 1562
18 993 550 1543
18 987 553 1540
18 1001 563 1564
18 1004 564 1568
18 1009 570 1579
18 1012 565 1577
18 991 560 1551
18 993 551 1544
////////// HeapSort A-kszta速ne 500 //////////
124 7222 3917
124 7207 3910
124 7203 3914
123 7167 3894
123 7174 3890
145 7192 3911
124 7195 3899
123 7211 3906
123 7178 3890
124 7210 3915
////////// HeapSort A-kszta速ne 1000 //////////
275 16358 8790
276 16364 8806
275 16362 8796
277 16385 8807
296 16367 8804
276 16340 8785
276 16362 8805
275 16341 8776
298 16348 8797
283 16341 8784
////////// HeapSort A-kszta速ne 1500 //////////
441 26520 14196
453 26476 14160
440 26491 14175
454 26563 14233
452 26570 14220
439 26491 14171
440 26481 14184
440 26520 14195
439 26513 14203
439 26516 14195
////////// HeapSort A-kszta速ne 2000 //////////
607 36776 19654
607 36739 19618
609 36748 19647
607 36744 19616
626 36758 19623
607 36734 19627
608 36713 19628
624 36780 19655
607 36753 19627
608 36748 19645
////////// HeapSort A-kszta速ne 2500 //////////
783 47888 25508
804 47898 25522
786 47966 25581
782 47846 25512
782 47902 25540
783 47860 25494
785 47852 25486
784 47912 25542
784 47902 25539
784 47926 25570
////////// HeapSort A-kszta速ne 3000 //////////
963 59159 31512
964 59108 31488
963 59138 31513
962 59085 31440
964 59123 31505
990 59068 31475
963 59177 31515
963 59095 31486
963 59147 31497
990 59124 31507
////////// HeapSort A-kszta速ne 3500 //////////
1141 70295 37395
1144 70390 37471
1143 70359 37428
1141 70228 37372
1142 70333 37394
1266 70317 37413
1142 70324 37400
1175 70319 37412
1142 70295 37374
1174 70302 37413
////////// HeapSort A-kszta速ne 4000 //////////
1360 81467 43222
1361 81566 43332
1402 81450 43215
1355 81370 43162
1323 81601 43333
1320 81434 43217
1342 81422 43196
1318 81482 43257
1321 81489 43277
1320 81507 43244
////////// HeapSort A-kszta速ne 4500 //////////
1507 93289 49463
1503 93225 49380
1506 93219 49440
1503 93110 49366
1502 93198 49428
1503 93133 49379
1505 93344 49490
1504 93118 49363
1504 93171 49379
1506 93259 49421
////////// HeapSort A-kszta速ne 5000 //////////
1696 105487 55851
1697 105528 55859
1693 105458 55842
1695 105441 55798
1700 105514 55867
1745 105405 55792
1695 105459 55860
1693 105435 55813
1746 105556 55908
1724 105460 55802
////////// HeapSort A-kszta速ne 5500 //////////
1984 117716 62237
1887 117763 62312
1887 117719 62252
1888 117646 62253
1888 117709 62289
1888 117789 62330
1888 117692 62311
1941 117566 62179
1887 117668 62238
1889 117695 62283
////////// HeapSort A-kszta速ne 6000 //////////
2079 129925 68684
2141 130095 68833
2148 130071 68801
2164 129933 68656
2104 129987 68755
2082 130049 68823
2161 129943 68728
2081 130028 68795
2102 130015 68778
2077 129748 68598
////////// HeapSort A-kszta速ne 6500 //////////
2300 142406 75338
2361 142332 75281
2351 142373 75326
2277 142347 75251
2278 142306 75269
2342 142223 75206
2278 142353 75286
2277 142443 75323
2275 142282 75217
2298 142388 75347
////////// HeapSort A-kszta速ne 7000 //////////
2478 154184 81356
2460 154190 81385
2547 154327 81506
2459 154098 81370
2462 154082 81345
2531 154074 81345
2461 154265 81444
2464 154257 81425
2484 154277 81489
2462 154214 81401
////////// HeapSort A-kszta速ne 7500 //////////
2742 166911 88287
2691 166927 88266
2801 166900 88262
2663 166943 88299
2662 166888 88247
2638 166708 88147
2661 166821 88225
2715 166960 88323
2781 166954 88375
2661 166915 88276
////////// HeapSort A-kszta速ne 8000 //////////
2918 178784 94348
2843 178673 94275
2848 178805 94343
2928 178599 94209
2872 178627 94205
2909 178746 94283
2846 178814 94360
2872 178860 94404
2931 178710 94271
2934 178735 94283
////////// HeapSort A-kszta速ne 8500 //////////
3053 191685 101313
3095 191783 101374
3056 191721 101281
3057 191870 101399
3136 191867 101386
3105 191845 101416
3125 191718 101365
3075 191832 101387
3127 191818 101392
3223 191942 101502
////////// HeapSort A-kszta速ne 9000 //////////
3298 204326 107789
3247 204306 107728
3246 204190 107726
3225 204274 107816
3346 204440 107886
3243 204269 107741
3242 204167 107626
3334 204211 107687
3267 204257 107741
3245 204269 107724
////////// HeapSort A-kszta速ne 9500 //////////
3483 218186 115125
3468 218267 115169
3480 218120 115021
3491 218161 115082
3462 218127 115025
3609 218326 115205
3529 218339 115228
3521 218334 115166
3608 218247 115108
3638 218065 114967
////////// HeapSort A-kszta速ne 10000 //////////
3670 231063 121675
3679 231275 121810
3651 231399 121893
3672 231123 121791
3693 231293 121890
3802 231294 121852
3696 231441 121986
3663 231670 122178
3655 231231 121872
3629 231449 122002
