////////// HeapSort Malej¹co 500 //////////
197 9994 6996 16990
191 9994 6996 16990
197 9994 6996 16990
197 9994 6996 16990
191 9994 6996 16990
192 9994 6996 16990
192 9994 6996 16990
191 9994 6996 16990
191 9994 6996 16990
191 9994 6996 16990
////////// HeapSort Malej¹co 1000 //////////
433 22961 15974 38935
434 22961 15974 38935
434 22961 15974 38935
434 22961 15974 38935
434 22961 15974 38935
447 22961 15974 38935
446 22961 15974 38935
434 22961 15974 38935
480 22961 15974 38935
435 22961 15974 38935
////////// HeapSort Malej¹co 1500 //////////
707 37392 25928 63320
700 37392 25928 63320
713 37392 25928 63320
699 37392 25928 63320
699 37392 25928 63320
699 37392 25928 63320
699 37392 25928 63320
701 37392 25928 63320
721 37392 25928 63320
701 37392 25928 63320
////////// HeapSort Malej¹co 2000 //////////
966 51892 35928 87820
957 51892 35928 87820
1447 51892 35928 87820
968 51892 35928 87820
966 51892 35928 87820
966 51892 35928 87820
966 51892 35928 87820
967 51892 35928 87820
938 51892 35928 87820
966 51892 35928 87820
////////// HeapSort Malej¹co 2500 //////////
1239 67751 46834 114585
1222 67751 46834 114585
1254 67751 46834 114585
1261 67751 46834 114585
1399 67751 46834 114585
1274 67751 46834 114585
1254 67751 46834 114585
1254 67751 46834 114585
1292 67751 46834 114585
1265 67751 46834 114585
////////// HeapSort Malej¹co 3000 //////////
1545 83751 57834 141585
1543 83751 57834 141585
1543 83751 57834 141585
1542 83751 57834 141585
1545 83751 57834 141585
1543 83751 57834 141585
1545 83751 57834 141585
1543 83751 57834 141585
1623 83751 57834 141585
1544 83751 57834 141585
////////// HeapSort Malej¹co 3500 //////////
1834 99751 68834 168585
1853 99751 68834 168585
1907 99751 68834 168585
1891 99751 68834 168585
1862 99751 68834 168585
1783 99751 68834 168585
1835 99751 68834 168585
1875 99751 68834 168585
1835 99751 68834 168585
1855 99751 68834 168585
////////// HeapSort Malej¹co 4000 //////////
2161 115751 79834 195585
2121 115751 79834 195585
2185 115751 79834 195585
2185 115751 79834 195585
2189 115751 79834 195585
2304 115751 79834 195585
2412 115751 79834 195585
2145 115751 79834 195585
2186 115751 79834 195585
2183 115751 79834 195585
////////// HeapSort Malej¹co 4500 //////////
2503 132966 91644 224610
2505 132966 91644 224610
2506 132966 91644 224610
2433 132966 91644 224610
2433 132966 91644 224610
2504 132966 91644 224610
2432 132966 91644 224610
2436 132966 91644 224610
2502 132966 91644 224610
2551 132966 91644 224610
////////// HeapSort Malej¹co 5000 //////////
2792 150466 103644 254110
2753 150466 103644 254110
3800 150466 103644 254110
2922 150466 103644 254110
2828 150466 103644 254110
2843 150466 103644 254110
2848 150466 103644 254110
2833 150466 103644 254110
2832 150466 103644 254110
2835 150466 103644 254110
////////// HeapSort Malej¹co 5500 //////////
3156 167966 115644 283610
3157 167966 115644 283610
3163 167966 115644 283610
4234 167966 115644 283610
3159 167966 115644 283610
3168 167966 115644 283610
3157 167966 115644 283610
3156 167966 115644 283610
3159 167966 115644 283610
3180 167966 115644 283610
////////// HeapSort Malej¹co 6000 //////////
3423 185466 127644 313110
3555 185466 127644 313110
3399 185466 127644 313110
3680 185466 127644 313110
3590 185466 127644 313110
3372 185466 127644 313110
3437 185466 127644 313110
3448 185466 127644 313110
3412 185466 127644 313110
3372 185466 127644 313110
////////// HeapSort Malej¹co 6500 //////////
3732 202966 139644 342610
3880 202966 139644 342610
3798 202966 139644 342610
3672 202966 139644 342610
3755 202966 139644 342610
3840 202966 139644 342610
3683 202966 139644 342610
3685 202966 139644 342610
3763 202966 139644 342610
4055 202966 139644 342610
////////// HeapSort Malej¹co 7000 //////////
4027 220466 151644 372110
3987 220466 151644 372110
4056 220466 151644 372110
4118 220466 151644 372110
3991 220466 151644 372110
4186 220466 151644 372110
4026 220466 151644 372110
4005 220466 151644 372110
4004 220466 151644 372110
4416 220466 151644 372110
////////// HeapSort Malej¹co 7500 //////////
4386 237966 163644 401610
4332 237966 163644 401610
4283 237966 163644 401610
4499 237966 163644 401610
4202 237966 163644 401610
4445 237966 163644 401610
4300 237966 163644 401610
4383 237966 163644 401610
4358 237966 163644 401610
4291 237966 163644 401610
////////// HeapSort Malej¹co 8000 //////////
4727 255466 175644 431110
4658 255466 175644 431110
5147 255466 175644 431110
4673 255466 175644 431110
4764 255466 175644 431110
4764 255466 175644 431110
4661 255466 175644 431110
4853 255466 175644 431110
4748 255466 175644 431110
4776 255466 175644 431110
////////// HeapSort Malej¹co 8500 //////////
5025 273893 188262 462155
5105 273893 188262 462155
4939 273893 188262 462155
5103 273893 188262 462155
5268 273893 188262 462155
4906 273893 188262 462155
4971 273893 188262 462155
5057 273893 188262 462155
4981 273893 188262 462155
5136 273893 188262 462155
////////// HeapSort Malej¹co 9000 //////////
5444 292893 201262 494155
5452 292893 201262 494155
5437 292893 201262 494155
5420 292893 201262 494155
5427 292893 201262 494155
5439 292893 201262 494155
5460 292893 201262 494155
5484 292893 201262 494155
5437 292893 201262 494155
5448 292893 201262 494155
////////// HeapSort Malej¹co 9500 //////////
5772 311893 214262 526155
5782 311893 214262 526155
5754 311893 214262 526155
5569 311893 214262 526155
5734 311893 214262 526155
5767 311893 214262 526155
5737 311893 214262 526155
5819 311893 214262 526155
5965 311893 214262 526155
5707 311893 214262 526155
////////// HeapSort Malej¹co 10000 //////////
6335 330893 227262 558155
6234 330893 227262 558155
6124 330893 227262 558155
6171 330893 227262 558155
6081 330893 227262 558155
6107 330893 227262 558155
7976 330893 227262 558155
6115 330893 227262 558155
6040 330893 227262 558155
5898 330893 227262 558155
