////////// HeapSort Rosn¹co 100 //////////
17 955 516 1471
17 955 516 1471
18 955 516 1471
18 955 516 1471
18 955 516 1471
17 955 516 1471
17 955 516 1471
17 955 516 1471
17 955 516 1471
17 955 516 1471
////////// HeapSort Rosn¹co 500 //////////
127 7027 3676
118 7027 3676
124 7027 3676
118 7027 3676
118 7027 3676
121 7027 3676
121 7027 3676
117 7027 3676
118 7027 3676
121 7027 3676
////////// HeapSort Rosn¹co 1000 //////////
283 15981 8316
262 15981 8316
267 15981 8316
271 15981 8316
262 15981 8316
261 15981 8316
262 15981 8316
262 15981 8316
264 15981 8316
263 15981 8316
////////// HeapSort Rosn¹co 1500 //////////
417 25861 13522
418 25861 13522
450 25861 13522
420 25861 13522
418 25861 13522
418 25861 13522
418 25861 13522
430 25861 13522
418 25861 13522
418 25861 13522
////////// HeapSort Rosn¹co 2000 //////////
577 35985 18708
594 35985 18708
578 35985 18708
578 35985 18708
577 35985 18708
580 35985 18708
578 35985 18708
593 35985 18708
594 35985 18708
578 35985 18708
////////// HeapSort Rosn¹co 2500 //////////
744 46727 24230
766 46727 24230
744 46727 24230
746 46727 24230
743 46727 24230
743 46727 24230
744 46727 24230
745 46727 24230
767 46727 24230
744 46727 24230
////////// HeapSort Rosn¹co 3000 //////////
968 57559 29750
939 57559 29750
912 57559 29750
941 57559 29750
935 57559 29750
939 57559 29750
911 57559 29750
911 57559 29750
913 57559 29750
962 57559 29750
////////// HeapSort Rosn¹co 3500 //////////
1086 68985 35650
1085 68985 35650
1086 68985 35650
1087 68985 35650
1086 68985 35650
1086 68985 35650
1126 68985 35650
1086 68985 35650
1086 68985 35650
1086 68985 35650
////////// HeapSort Rosn¹co 4000 //////////
1259 80175 41436
1267 80175 41436
1260 80175 41436
1259 80175 41436
1298 80175 41436
1260 80175 41436
1258 80175 41436
1259 80175 41436
1281 80175 41436
1260 80175 41436
////////// HeapSort Rosn¹co 4500 //////////
1429 91561 47308
1451 91561 47308
1474 91561 47308
1430 91561 47308
1450 91561 47308
1448 91561 47308
1433 91561 47308
1453 91561 47308
1462 91561 47308
1452 91561 47308
////////// HeapSort Rosn¹co 5000 //////////
1611 103263 53436
1610 103263 53436
1611 103263 53436
1610 103263 53436
1674 103263 53436
1611 103263 53436
1657 103263 53436
1612 103263 53436
1613 103263 53436
1658 103263 53436
////////// HeapSort Rosn¹co 5500 //////////
1846 115245 59540
2951 115245 59540
1792 115245 59540
1875 115245 59540
1792 115245 59540
1856 115245 59540
1794 115245 59540
1824 115245 59540
1794 115245 59540
1845 115245 59540
////////// HeapSort Rosn¹co 6000 //////////
1971 126945 65598
2030 126945 65598
2215 126945 65598
1971 126945 65598
1969 126945 65598
2003 126945 65598
1969 126945 65598
1970 126945 65598
1971 126945 65598
1973 126945 65598
////////// HeapSort Rosn¹co 6500 //////////
2155 139009 71702
2256 139009 71702
2173 139009 71702
2152 139009 71702
2153 139009 71702
2153 139009 71702
2153 139009 71702
2217 139009 71702
2183 139009 71702
2152 139009 71702
////////// HeapSort Rosn¹co 7000 //////////
2368 151447 78170
2365 151447 78170
2342 151447 78170
2408 151447 78170
2370 151447 78170
2341 151447 78170
2364 151447 78170
2339 151447 78170
2339 151447 78170
2343 151447 78170
////////// HeapSort Rosn¹co 7500 //////////
2525 163745 84404
2522 163745 84404
2523 163745 84404
2524 163745 84404
2524 163745 84404
2547 163745 84404
2523 163745 84404
2524 163745 84404
2527 163745 84404
2604 163745 84404
////////// HeapSort Rosn¹co 8000 //////////
2712 176097 90776
2713 176097 90776
2714 176097 90776
2710 176097 90776
2731 176097 90776
2755 176097 90776
2712 176097 90776
2722 176097 90776
2715 176097 90776
2912 176097 90776
////////// HeapSort Rosn¹co 8500 //////////
2898 188393 97052
2899 188393 97052
2901 188393 97052
2899 188393 97052
2920 188393 97052
2985 188393 97052
2968 188393 97052
2998 188393 97052
2899 188393 97052
2984 188393 97052
////////// HeapSort Rosn¹co 9000 //////////
3097 201237 103686
3093 201237 103686
3094 201237 103686
3109 201237 103686
3098 201237 103686
3101 201237 103686
3108 201237 103686
3121 201237 103686
3112 201237 103686
3098 201237 103686
////////// HeapSort Rosn¹co 9500 //////////
3283 213985 110202
3373 213985 110202
3284 213985 110202
3283 213985 110202
3283 213985 110202
3284 213985 110202
3283 213985 110202
3282 213985 110202
3345 213985 110202
3468 213985 110202
////////// HeapSort Rosn¹co 10000 //////////
3530 226719 116696
3567 226719 116696
3471 226719 116696
3470 226719 116696
3472 226719 116696
3480 226719 116696
3499 226719 116696
3630 226719 116696
3461 226719 116696
3476 226719 116696
