////////// InsertionSort A-kszta速ne 100 //////////
7 2430 2381 4811
7 2423 2373 4796
7 2432 2382 4814
7 2424 2375 4799
7 2431 2382 4813
7 2431 2382 4813
8 2429 2380 4809
7 2426 2376 4802
7 2433 2384 4817
7 2429 2379 4808
////////// InsertionSort A-kszta速ne 500 //////////
157 62134 61884
178 62142 61892
157 62145 61895
157 62134 61885
157 62148 61898
157 62150 61901
158 62146 61897
157 62137 61887
157 62142 61892
157 62143 61894
////////// InsertionSort A-kszta速ne 1000 //////////
636 249368 248869
661 249375 248876
638 249375 248875
618 249392 248893
636 249403 248903
666 249370 248871
637 249348 248849
619 249380 248881
618 249367 248868
618 249377 248877
////////// InsertionSort A-kszta速ne 1500 //////////
1383 561506 560757
1402 561542 560793
1421 561527 560778
1380 561517 560768
1426 561527 560777
1384 561489 560740
1381 561509 560760
1380 561537 560788
1426 561526 560776
1382 561510 560761
////////// InsertionSort A-kszta速ne 2000 //////////
2453 999512 998513
2452 999514 998515
2452 999495 998496
2495 999512 998513
2479 999498 998499
2451 999514 998515
2486 999521 998522
2521 999499 998500
2452 999520 998521
2449 999523 998524
////////// InsertionSort A-kszta速ne 2500 //////////
3942 1562566 1561317
3878 1562593 1561344
3934 1562555 1561306
3846 1562592 1561343
3824 1562546 1561297
3825 1562601 1561352
3844 1562579 1561330
3861 1562565 1561316
3842 1562550 1561301
3822 1562578 1561329
////////// InsertionSort A-kszta速ne 3000 //////////
5515 2249996 2248497
5447 2250015 2248516
5640 2250004 2248505
5452 2250029 2248530
5454 2250059 2248560
5451 2249951 2248452
5476 2250018 2248519
5450 2250011 2248512
5656 2250013 2248514
5619 2250011 2248512
////////// InsertionSort A-kszta速ne 3500 //////////
7524 3062157 3060408
7460 3062119 3060370
7410 3062152 3060403
7583 3062180 3060431
7475 3062183 3060434
7575 3062180 3060431
7542 3062185 3060436
7670 3062198 3060449
7617 3062176 3060427
7368 3062164 3060415
////////// InsertionSort A-kszta速ne 4000 //////////
9623 4005002 4003003
9806 4005004 4003005
10233 4005032 4003033
9601 4005075 4003076
9847 4004982 4002983
10074 4005018 4003019
9605 4005016 4003017
9774 4005010 4003011
9756 4005004 4003005
10086 4005012 4003013
////////// InsertionSort A-kszta速ne 4500 //////////
12318 5064175 5061926
12764 5064136 5061887
12102 5064229 5061980
12379 5064189 5061940
12522 5064208 5061959
12204 5064189 5061940
12240 5064185 5061936
12393 5064193 5061944
12322 5064215 5061966
12248 5064232 5061983
////////// InsertionSort A-kszta速ne 5000 //////////
15365 6261930 6259431
15790 6261855 6259356
15418 6261872 6259373
15297 6261935 6259436
15323 6261948 6259449
15147 6261861 6259362
15120 6261877 6259378
15067 6261886 6259387
15213 6261892 6259393
15298 6261888 6259389
////////// InsertionSort A-kszta速ne 5500 //////////
18433 7571630 7568881
19371 7571600 7568851
18148 7571596 7568847
18111 7571623 7568874
18406 7571583 7568834
18558 7571632 7568883
18392 7571609 7568860
18521 7571619 7568870
18609 7571610 7568861
19409 7571636 7568887
////////// InsertionSort A-kszta速ne 6000 //////////
21563 9004513 9001514
21894 9004482 9001483
21621 9004471 9001472
22029 9004502 9001503
21873 9004510 9001511
21735 9004496 9001497
21796 9004524 9001525
21762 9004475 9001476
23981 9004563 9001564
21581 9004539 9001540
////////// InsertionSort A-kszta速ne 6500 //////////
25399 10581456 10578207
25397 10581418 10578169
25656 10581412 10578163
25248 10581368 10578119
25528 10581382 10578133
26013 10581413 10578164
25632 10581424 10578175
25239 10581417 10578168
26023 10581498 10578249
25416 10581355 10578106
////////// InsertionSort A-kszta速ne 7000 //////////
29433 12275381 12271882
29388 12275464 12271965
29430 12275453 12271954
29368 12275425 12271926
29517 12275389 12271890
30267 12275403 12271904
30287 12275370 12271871
29481 12275431 12271932
29818 12275380 12271881
30117 12275416 12271917
////////// InsertionSort A-kszta速ne 7500 //////////
34241 14092027 14088278
33835 14092081 14088332
34540 14092075 14088326
34519 14092087 14088338
34127 14092043 14088294
33694 14092065 14088316
34902 14092069 14088320
33767 14092078 14088329
33668 14092127 14088378
33732 14092073 14088324
////////// InsertionSort A-kszta速ne 8000 //////////
38963 16058133 16054134
38304 16058149 16054150
38726 16058075 16054076
38446 16058138 16054139
38401 16058094 16054095
38386 16058196 16054197
38507 16058083 16054084
39218 16058107 16054108
38358 16058128 16054129
38521 16058120 16054121
////////// InsertionSort A-kszta速ne 8500 //////////
43169 18078661 18074412
44182 18078661 18074412
43169 18078676 18074427
44185 18078750 18074501
44244 18078680 18074431
43167 18078700 18074451
43741 18078691 18074442
43159 18078680 18074431
44397 18078710 18074461
43122 18078718 18074469
////////// InsertionSort A-kszta速ne 9000 //////////
48669 20263489 20258990
48678 20263511 20259012
48389 20263484 20258985
48401 20263516 20259017
49704 20263545 20259046
48256 20263490 20258991
48945 20263507 20259008
49108 20263548 20259049
49119 20263514 20259015
49441 20263459 20258960
////////// InsertionSort A-kszta速ne 9500 //////////
54151 22611872 22607123
54034 22611810 22607061
54316 22611774 22607025
54122 22611831 22607082
53930 22611873 22607124
57891 22611829 22607080
54091 22611895 22607146
54530 22611844 22607095
53986 22611895 22607146
53978 22611883 22607134
////////// InsertionSort A-kszta速ne 10000 //////////
62641 25117834 25112835
60175 25117831 25112832
60190 25117812 25112813
61846 25117763 25112764
60940 25117843 25112844
62787 25117848 25112849
60383 25117818 25112819
60258 25117816 25112817
60458 25117847 25112848
60337 25117782 25112783
