////////// InsertionSort Losowo 100 //////////
8 2933 2841 5774
8 2681 2588 5269
8 2779 2687 5466
7 2594 2500 5094
7 2459 2364 4823
8 2468 2375 4843
7 2492 2402 4894
7 2603 2508 5111
7 2665 2571 5236
8 2677 2581 5258
////////// InsertionSort Losowo 500 //////////
165 63407 62918
183 64941 64449
159 62991 62499
162 64333 63841
165 65682 65188
164 64977 64486
157 62017 61524
157 62474 61981
156 61862 61369
149 58948 58453
////////// InsertionSort Losowo 1000 //////////
616 248672 247680
617 249513 248520
662 257167 256180
597 240510 239517
649 255029 254038
619 250711 249723
628 253683 252691
633 246368 245381
635 256143 255150
640 258090 257096
////////// InsertionSort Losowo 1500 //////////
1422 561618 560129
1403 562693 561201
1423 569069 567577
1436 567887 566394
1361 553451 551963
1377 559608 558120
1406 571148 569660
1438 585556 584065
1337 543070 541579
1399 568685 567194
////////// InsertionSort Losowo 2000 //////////
2467 997354 995367
2495 1019408 1017418
2560 1015841 1013851
2493 1007929 1005938
2423 988332 986341
2524 1008850 1006862
2500 990390 988408
2467 1006771 1004777
2483 1014702 1012713
2402 980708 978723
////////// InsertionSort Losowo 2500 //////////
3990 1573895 1571403
3822 1552101 1549616
3794 1549851 1547361
4137 1553339 1550849
3890 1554737 1552249
3945 1616236 1613746
3889 1591457 1588968
3819 1560650 1558160
4068 1605313 1602821
3784 1546680 1544191
////////// InsertionSort Losowo 3000 //////////
5593 2311709 2308717
5634 2251742 2248750
5817 2229759 2226771
5491 2225154 2222163
5504 2252871 2249883
5433 2245051 2242061
5493 2228637 2225645
5487 2244585 2241603
5596 2292297 2289305
5367 2215361 2212375
////////// InsertionSort Losowo 3500 //////////
7588 3052237 3048741
7736 3088257 3084766
7628 3094560 3091071
7391 3047657 3044166
7675 3088016 3084529
7614 3083719 3080237
7584 3113114 3109625
7461 3100911 3097424
7664 3089877 3086386
7418 3052106 3048616
////////// InsertionSort Losowo 4000 //////////
9775 3961347 3957357
9652 4003297 3999310
9732 3953364 3949368
9651 4025678 4021690
10061 3996295 3992305
9649 3983077 3979086
9739 3996001 3992010
9611 4011899 4007908
9505 3943067 3939076
9732 4019328 4015338
////////// InsertionSort Losowo 4500 //////////
12298 5084478 5079985
12034 4994767 4990276
12368 5012280 5007791
12287 5078564 5074077
12413 5059562 5055072
12264 5079299 5074811
12602 5111634 5107145
12216 4994910 4990421
12372 5019303 5014814
12222 5074356 5069868
////////// InsertionSort Losowo 5000 //////////
14904 6142043 6137048
15124 6203794 6198802
15812 6357160 6352172
15010 6187655 6182664
14746 6128977 6123990
15398 6297392 6292402
15770 6356551 6351559
15337 6264340 6259352
15141 6305807 6300817
15393 6261049 6256059
////////// InsertionSort Losowo 5500 //////////
18416 7641922 7636432
18350 7615252 7609764
18482 7654798 7649307
18238 7532221 7526729
18209 7503502 7498014
18428 7634529 7629042
18228 7570472 7564983
18470 7550629 7545149
19014 7597811 7592322
18094 7481659 7476170
////////// InsertionSort Losowo 6000 //////////
21517 8978077 8972085
22526 8988864 8982875
21682 9023519 9017527
21691 9049509 9043517
21428 8918043 8912051
22498 9038555 9032568
21505 8936007 8930015
22033 8967029 8961038
21899 9000836 8994844
21388 8918351 8912357
////////// InsertionSort Losowo 6500 //////////
25493 10599843 10593355
25361 10617904 10611412
25363 10538116 10531629
25421 10660097 10653613
25691 10669626 10663134
25993 10630122 10623630
25699 10652223 10645728
25757 10769230 10762739
25025 10442086 10435595
26522 10640314 10633821
////////// InsertionSort Losowo 7000 //////////
30245 12210621 12203628
29236 12180048 12173056
29510 12305934 12298945
29417 12196302 12189310
29225 12161019 12154028
30287 12121989 12114999
29940 12148294 12141308
29364 12218541 12211555
29691 12299322 12292331
29562 12273797 12266805
////////// InsertionSort Losowo 7500 //////////
33585 14033901 14026410
33806 14162768 14155279
35402 14093541 14086058
33670 14025087 14017599
35484 13991253 13983763
33388 13922015 13914524
33548 13975729 13968241
34271 14074353 14066866
34244 14113897 14106407
34013 14193606 14186115
////////// InsertionSort Losowo 8000 //////////
38883 16249923 16241934
40044 15768347 15760361
39100 16174410 16166426
37920 15854103 15846118
40137 16287575 16279584
38232 16002449 15994458
40217 15972866 15964875
38463 16009465 16001472
38907 15982211 15974218
38445 16017620 16009633
////////// InsertionSort Losowo 8500 //////////
43129 18090809 18082316
43502 18124488 18116000
43480 17995000 17986511
43400 18166408 18157918
44074 18016537 18008046
42914 17980728 17972248
44777 18293406 18284915
43350 18143041 18134550
44940 18091262 18082772
43067 18058459 18049975
////////// InsertionSort Losowo 9000 //////////
48579 20206573 20197586
48098 20059537 20050548
48673 20352561 20343572
47729 19933455 19924469
50961 20204664 20195681
48502 20266175 20257186
47993 20039343 20030354
48113 20164249 20155260
48152 20163758 20154768
50290 20208536 20199548
////////// InsertionSort Losowo 9500 //////////
53457 22369956 22360465
54037 22420420 22410933
54640 22553428 22543939
54290 22557408 22547917
56128 22326863 22317375
55202 22873757 22864263
54392 22784987 22775505
53952 22570978 22561487
54775 22929463 22919970
54268 22756192 22746702
////////// InsertionSort Losowo 10000 //////////
59585 24741353 24731362
60576 25014392 25004404
59260 24869107 24859119
60548 25089726 25079738
59636 25021648 25011658
59946 25138109 25128120
60869 25228336 25218346
60596 24983235 24973249
62072 25439843 25429857
58843 24554750 24544758
