////////// InsertionSort Rosn¹co 100 //////////
13 4852 4852 9704
13 4852 4852 9704
13 4852 4852 9704
13 4852 4852 9704
13 4852 4852 9704
13 4852 4852 9704
13 4852 4852 9704
13 4852 4852 9704
13 4852 4852 9704
13 4852 4852 9704
////////// InsertionSort Rosn¹co 500 //////////
307 124252 124252
309 124252 124252
309 124252 124252
309 124252 124252
309 124252 124252
317 124252 124252
309 124252 124252
308 124252 124252
308 124252 124252
321 124252 124252
////////// InsertionSort Rosn¹co 1000 //////////
1307 498502 498502
1241 498502 498502
1267 498502 498502
1320 498502 498502
1220 498502 498502
1257 498502 498502
1223 498502 498502
1252 498502 498502
1221 498502 498502
1236 498502 498502
////////// InsertionSort Rosn¹co 1500 //////////
2743 1122752 1122752
2809 1122752 1122752
2875 1122752 1122752
2751 1122752 1122752
2788 1122752 1122752
2747 1122752 1122752
2741 1122752 1122752
2815 1122752 1122752
2797 1122752 1122752
2744 1122752 1122752
////////// InsertionSort Rosn¹co 2000 //////////
4837 1997002 1997002
4846 1997002 1997002
4911 1997002 1997002
4837 1997002 1997002
4869 1997002 1997002
4989 1997002 1997002
4834 1997002 1997002
4867 1997002 1997002
4980 1997002 1997002
5026 1997002 1997002
////////// InsertionSort Rosn¹co 2500 //////////
7742 3121252 3121252
7498 3121252 3121252
7599 3121252 3121252
7505 3121252 3121252
7723 3121252 3121252
7599 3121252 3121252
7520 3121252 3121252
7558 3121252 3121252
7498 3121252 3121252
7600 3121252 3121252
////////// InsertionSort Rosn¹co 3000 //////////
10861 4495502 4495502
10838 4495502 4495502
10734 4495502 4495502
10777 4495502 4495502
10857 4495502 4495502
10848 4495502 4495502
10832 4495502 4495502
11134 4495502 4495502
11496 4495502 4495502
10840 4495502 4495502
////////// InsertionSort Rosn¹co 3500 //////////
14893 6119752 6119752
15236 6119752 6119752
14749 6119752 6119752
14683 6119752 6119752
14849 6119752 6119752
14690 6119752 6119752
14704 6119752 6119752
15299 6119752 6119752
14718 6119752 6119752
14675 6119752 6119752
////////// InsertionSort Rosn¹co 4000 //////////
19158 7994002 7994002
19607 7994002 7994002
19404 7994002 7994002
19243 7994002 7994002
19173 7994002 7994002
19159 7994002 7994002
20569 7994002 7994002
19515 7994002 7994002
19206 7994002 7994002
19618 7994002 7994002
////////// InsertionSort Rosn¹co 4500 //////////
24457 10118252 10118252
24725 10118252 10118252
25683 10118252 10118252
24342 10118252 10118252
24124 10118252 10118252
24152 10118252 10118252
24449 10118252 10118252
24258 10118252 10118252
24807 10118252 10118252
25311 10118252 10118252
////////// InsertionSort Rosn¹co 5000 //////////
30062 12492502 12492502
29908 12492502 12492502
29995 12492502 12492502
30495 12492502 12492502
29823 12492502 12492502
30086 12492502 12492502
30601 12492502 12492502
30532 12492502 12492502
30095 12492502 12492502
30484 12492502 12492502
////////// InsertionSort Rosn¹co 5500 //////////
36156 15116752 15116752
36615 15116752 15116752
36670 15116752 15116752
36991 15116752 15116752
37032 15116752 15116752
37014 15116752 15116752
36970 15116752 15116752
36130 15116752 15116752
37541 15116752 15116752
36119 15116752 15116752
////////// InsertionSort Rosn¹co 6000 //////////
44624 17991002 17991002
43021 17991002 17991002
42969 17991002 17991002
44388 17991002 17991002
43597 17991002 17991002
42863 17991002 17991002
44358 17991002 17991002
43703 17991002 17991002
42965 17991002 17991002
43144 17991002 17991002
////////// InsertionSort Rosn¹co 6500 //////////
50310 21115252 21115252
50503 21115252 21115252
52830 21115252 21115252
50772 21115252 21115252
51240 21115252 21115252
50428 21115252 21115252
51207 21115252 21115252
50309 21115252 21115252
51136 21115252 21115252
50840 21115252 21115252
////////// InsertionSort Rosn¹co 7000 //////////
59907 24489502 24489502
58326 24489502 24489502
59314 24489502 24489502
61924 24489502 24489502
59608 24489502 24489502
58548 24489502 24489502
59939 24489502 24489502
59516 24489502 24489502
60870 24489502 24489502
58611 24489502 24489502
////////// InsertionSort Rosn¹co 7500 //////////
67672 28113752 28113752
66996 28113752 28113752
68522 28113752 28113752
67611 28113752 28113752
67258 28113752 28113752
67116 28113752 28113752
67510 28113752 28113752
69050 28113752 28113752
67824 28113752 28113752
67805 28113752 28113752
////////// InsertionSort Rosn¹co 8000 //////////
77810 31988002 31988002
76671 31988002 31988002
79870 31988002 31988002
77539 31988002 31988002
76572 31988002 31988002
77223 31988002 31988002
77060 31988002 31988002
76470 31988002 31988002
76534 31988002 31988002
77729 31988002 31988002
////////// InsertionSort Rosn¹co 8500 //////////
87813 36112252 36112252
87534 36112252 36112252
87214 36112252 36112252
87225 36112252 36112252
89796 36112252 36112252
86787 36112252 36112252
86855 36112252 36112252
86416 36112252 36112252
86492 36112252 36112252
88028 36112252 36112252
////////// InsertionSort Rosn¹co 9000 //////////
96703 40486502 40486502
98481 40486502 40486502
98264 40486502 40486502
97721 40486502 40486502
97435 40486502 40486502
97998 40486502 40486502
97584 40486502 40486502
97735 40486502 40486502
98017 40486502 40486502
99659 40486502 40486502
////////// InsertionSort Rosn¹co 9500 //////////
108988 45110752 45110752
108975 45110752 45110752
111785 45110752 45110752
107900 45110752 45110752
109722 45110752 45110752
108068 45110752 45110752
108079 45110752 45110752
107593 45110752 45110752
107790 45110752 45110752
109172 45110752 45110752
////////// InsertionSort Rosn¹co 10000 //////////
119825 49985002 49985002
120147 49985002 49985002
123117 49985002 49985002
120768 49985002 49985002
120424 49985002 49985002
120250 49985002 49985002
121413 49985002 49985002
119434 49985002 49985002
122170 49985002 49985002
120176 49985002 49985002
