////////// InsertionSort V-kszta速ne 500 //////////
163 62862 62365
156 62848 62351
167 62862 62364
156 62851 62353
156 62847 62349
243 62857 62359
161 62843 62345
163 62865 62368
156 62857 62359
174 62853 62355
////////// InsertionSort V-kszta速ne 1000 //////////
635 250632 249634
658 250637 249639
617 250624 249627
614 250625 249627
648 250638 249641
615 250618 249620
672 250635 249637
617 250627 249629
679 250618 249620
617 250630 249632
////////// InsertionSort V-kszta速ne 1500 //////////
1456 563469 561971
1389 563479 561981
1379 563474 561976
1378 563500 562003
1435 563491 561993
1427 563468 561970
1417 563493 561995
1460 563469 561972
1477 563459 561961
1389 563476 561978
////////// InsertionSort V-kszta速ne 2000 //////////
2516 1000491 998492
2461 1000517 998519
2496 1000465 998466
2450 1000489 998490
2561 1000504 998505
2461 1000502 998503
2501 1000496 998497
2503 1000483 998485
2454 1000526 998528
2600 1000519 998520
////////// InsertionSort V-kszta速ne 2500 //////////
3849 1562448 1559949
3820 1562426 1559927
3808 1562438 1559939
3829 1562404 1559905
3915 1562425 1559926
3860 1562416 1559917
3815 1562441 1559942
3828 1562431 1559932
3808 1562400 1559901
4207 1562402 1559903
////////// InsertionSort V-kszta速ne 3000 //////////
5518 2250044 2247046
5513 2249994 2246996
5532 2250008 2247009
5479 2249989 2246990
5742 2250031 2247032
5499 2249963 2246964
5603 2250005 2247006
5479 2249995 2246996
5791 2249962 2246963
5444 2250001 2247002
////////// InsertionSort V-kszta速ne 3500 //////////
7401 3062845 3059346
7476 3062862 3059364
7441 3062842 3059344
7392 3062844 3059346
7355 3062824 3059325
7423 3062825 3059326
7812 3062845 3059347
7603 3062811 3059312
7618 3062829 3059330
7415 3062846 3059347
////////// InsertionSort V-kszta速ne 4000 //////////
9582 3994976 3990977
9743 3994962 3990963
9687 3994986 3990987
9661 3994985 3990986
9558 3994998 3990999
9566 3995014 3991015
9888 3994989 3990990
9970 3995000 3991001
9773 3994990 3990991
9617 3994976 3990977
////////// InsertionSort V-kszta速ne 4500 //////////
12151 5060763 5056264
12448 5060795 5056296
12188 5060778 5056279
12297 5060789 5056290
13079 5060828 5056329
12162 5060826 5056327
12115 5060842 5056343
12144 5060778 5056279
12541 5060804 5056305
12126 5060786 5056287
////////// InsertionSort V-kszta速ne 5000 //////////
14918 6238110 6233111
14946 6238076 6233077
15763 6238082 6233083
15125 6238077 6233078
14999 6238108 6233109
14949 6238088 6233089
15412 6238085 6233086
15138 6238129 6233130
14990 6238098 6233099
15674 6238067 6233068
////////// InsertionSort V-kszta速ne 5500 //////////
18118 7553387 7547888
18103 7553337 7547838
18362 7553405 7547906
18069 7553390 7547891
18149 7553380 7547881
18737 7553341 7547842
18041 7553421 7547922
18161 7553368 7547869
18154 7553333 7547834
18103 7553382 7547883
////////// InsertionSort V-kszta速ne 6000 //////////
22505 8995466 8989467
22263 8995519 8989520
22123 8995437 8989438
21976 8995456 8989457
21618 8995449 8989450
21532 8995467 8989468
21646 8995503 8989504
21482 8995457 8989458
22047 8995460 8989461
21534 8995522 8989523
////////// InsertionSort V-kszta速ne 6500 //////////
25219 10543587 10537088
25157 10543554 10537055
25792 10543565 10537066
25494 10543575 10537076
25424 10543560 10537061
25847 10543573 10537074
25240 10543602 10537103
26558 10543571 10537072
25251 10543570 10537071
25186 10543590 10537091
////////// InsertionSort V-kszta速ne 7000 //////////
29822 12224539 12217540
29369 12224588 12217589
29298 12224566 12217567
29301 12224560 12217561
29250 12224573 12217574
29298 12224535 12217536
29418 12224607 12217608
29918 12224638 12217639
29927 12224574 12217575
29265 12224581 12217582
////////// InsertionSort V-kszta速ne 7500 //////////
34528 14032954 14025455
33822 14032916 14025417
33742 14032867 14025368
33454 14032922 14025423
33924 14032960 14025461
33906 14032915 14025416
33788 14032925 14025426
33523 14032920 14025421
33578 14032970 14025471
34623 14032925 14025426
////////// InsertionSort V-kszta速ne 8000 //////////
38349 15941886 15933887
38120 15941886 15933887
39036 15941807 15933808
38063 15941849 15933850
38110 15941849 15933850
38072 15941848 15933849
38855 15941899 15933900
38007 15941854 15933855
38063 15941848 15933849
38897 15941842 15933843
////////// InsertionSort V-kszta速ne 8500 //////////
43142 18046214 18037715
45860 18046274 18037775
42994 18046230 18037731
43781 18046314 18037815
43418 18046322 18037823
44511 18046300 18037801
43664 18046324 18037825
44131 18046276 18037777
43297 18046224 18037725
43984 18046287 18037788
////////// InsertionSort V-kszta速ne 9000 //////////
48517 20236449 20227450
49196 20236511 20227512
48585 20236474 20227475
49773 20236469 20227470
48375 20236569 20227570
48433 20236466 20227467
48577 20236491 20227492
48545 20236475 20227476
51726 20236507 20227508
48447 20236439 20227440
////////// InsertionSort V-kszta速ne 9500 //////////
53909 22513102 22503603
54053 22513162 22503663
55154 22513168 22503669
53848 22513126 22503627
54473 22513121 22503622
53808 22513133 22503634
53732 22513150 22503651
55467 22513104 22503605
53723 22513054 22503555
54677 22513103 22503604
////////// InsertionSort V-kszta速ne 10000 //////////
60195 24882122 24872123
61475 24882175 24872176
59668 24882153 24872154
59457 24882149 24872150
59535 24882149 24872150
59476 24882191 24872192
60424 24882146 24872147
59564 24882202 24872203
62869 24882197 24872198
59643 24882214 24872215
