////////// InsertionSort Malej¹co 500 //////////
1 499 0 499
1 499 0 499
2 499 0 499
1 499 0 499
2 499 0 499
2 499 0 499
2 499 0 499
1 499 0 499
2 499 0 499
2 499 0 499
////////// InsertionSort Malej¹co 1000 //////////
3 999 0 999
3 999 0 999
3 999 0 999
3 999 0 999
3 999 0 999
3 999 0 999
3 999 0 999
3 999 0 999
3 999 0 999
3 999 0 999
////////// InsertionSort Malej¹co 1500 //////////
5 1499 0 1499
5 1499 0 1499
5 1499 0 1499
5 1499 0 1499
5 1499 0 1499
5 1499 0 1499
5 1499 0 1499
5 1499 0 1499
5 1499 0 1499
5 1499 0 1499
////////// InsertionSort Malej¹co 2000 //////////
6 1999 0 1999
6 1999 0 1999
6 1999 0 1999
6 1999 0 1999
6 1999 0 1999
6 1999 0 1999
33 1999 0 1999
6 1999 0 1999
6 1999 0 1999
6 1999 0 1999
////////// InsertionSort Malej¹co 2500 //////////
8 2499 0 2499
8 2499 0 2499
8 2499 0 2499
8 2499 0 2499
8 2499 0 2499
8 2499 0 2499
8 2499 0 2499
7 2499 0 2499
8 2499 0 2499
8 2499 0 2499
////////// InsertionSort Malej¹co 3000 //////////
9 2999 0 2999
9 2999 0 2999
9 2999 0 2999
9 2999 0 2999
9 2999 0 2999
9 2999 0 2999
9 2999 0 2999
9 2999 0 2999
9 2999 0 2999
10 2999 0 2999
////////// InsertionSort Malej¹co 3500 //////////
11 3499 0 3499
11 3499 0 3499
11 3499 0 3499
11 3499 0 3499
11 3499 0 3499
11 3499 0 3499
11 3499 0 3499
11 3499 0 3499
11 3499 0 3499
11 3499 0 3499
////////// InsertionSort Malej¹co 4000 //////////
13 3999 0 3999
13 3999 0 3999
12 3999 0 3999
13 3999 0 3999
13 3999 0 3999
13 3999 0 3999
12 3999 0 3999
13 3999 0 3999
13 3999 0 3999
13 3999 0 3999
////////// InsertionSort Malej¹co 4500 //////////
14 4499 0 4499
14 4499 0 4499
14 4499 0 4499
14 4499 0 4499
14 4499 0 4499
14 4499 0 4499
14 4499 0 4499
14 4499 0 4499
14 4499 0 4499
14 4499 0 4499
////////// InsertionSort Malej¹co 5000 //////////
16 4999 0 4999
15 4999 0 4999
16 4999 0 4999
16 4999 0 4999
16 4999 0 4999
16 4999 0 4999
16 4999 0 4999
16 4999 0 4999
24 4999 0 4999
15 4999 0 4999
////////// InsertionSort Malej¹co 5500 //////////
17 5499 0 5499
17 5499 0 5499
17 5499 0 5499
18 5499 0 5499
17 5499 0 5499
17 5499 0 5499
17 5499 0 5499
17 5499 0 5499
17 5499 0 5499
17 5499 0 5499
////////// InsertionSort Malej¹co 6000 //////////
19 5999 0 5999
19 5999 0 5999
19 5999 0 5999
19 5999 0 5999
19 5999 0 5999
19 5999 0 5999
19 5999 0 5999
19 5999 0 5999
19 5999 0 5999
19 5999 0 5999
////////// InsertionSort Malej¹co 6500 //////////
20 6499 0 6499
32 6499 0 6499
32 6499 0 6499
21 6499 0 6499
21 6499 0 6499
20 6499 0 6499
21 6499 0 6499
21 6499 0 6499
20 6499 0 6499
21 6499 0 6499
////////// InsertionSort Malej¹co 7000 //////////
22 6999 0 6999
22 6999 0 6999
22 6999 0 6999
22 6999 0 6999
21 6999 0 6999
22 6999 0 6999
22 6999 0 6999
22 6999 0 6999
22 6999 0 6999
22 6999 0 6999
////////// InsertionSort Malej¹co 7500 //////////
23 7499 0 7499
24 7499 0 7499
24 7499 0 7499
24 7499 0 7499
24 7499 0 7499
24 7499 0 7499
23 7499 0 7499
24 7499 0 7499
24 7499 0 7499
24 7499 0 7499
////////// InsertionSort Malej¹co 8000 //////////
26 7999 0 7999
25 7999 0 7999
26 7999 0 7999
25 7999 0 7999
26 7999 0 7999
26 7999 0 7999
26 7999 0 7999
26 7999 0 7999
25 7999 0 7999
25 7999 0 7999
////////// InsertionSort Malej¹co 8500 //////////
27 8499 0 8499
36 8499 0 8499
26 8499 0 8499
26 8499 0 8499
27 8499 0 8499
27 8499 0 8499
27 8499 0 8499
27 8499 0 8499
26 8499 0 8499
27 8499 0 8499
////////// InsertionSort Malej¹co 9000 //////////
28 8999 0 8999
28 8999 0 8999
28 8999 0 8999
28 8999 0 8999
39 8999 0 8999
29 8999 0 8999
28 8999 0 8999
28 8999 0 8999
33 8999 0 8999
29 8999 0 8999
////////// InsertionSort Malej¹co 9500 //////////
31 9499 0 9499
31 9499 0 9499
31 9499 0 9499
30 9499 0 9499
29 9499 0 9499
30 9499 0 9499
30 9499 0 9499
31 9499 0 9499
30 9499 0 9499
31 9499 0 9499
////////// InsertionSort Malej¹co 10000 //////////
32 9999 0 9999
31 9999 0 9999
31 9999 0 9999
31 9999 0 9999
32 9999 0 9999
32 9999 0 9999
31 9999 0 9999
30 9999 0 9999
32 9999 0 9999
31 9999 0 9999
