////////// QuickSort Rosn¹co 100 //////////
24 5196 99
25 5196 99
25 5196 99
25 5196 99
25 5196 99
26 5196 99
25 5196 99
25 5196 99
25 5196 99
25 5196 99
////////// QuickSort Rosn¹co 500 //////////
339 125996 499
329 125996 499
330 125996 499
330 125996 499
330 125996 499
330 125996 499
348 125996 499
339 125996 499
331 125996 499
330 125996 499
////////// QuickSort Rosn¹co 1000 //////////
1163 501996 999
1198 501996 999
1180 501996 999
1164 501996 999
1163 501996 999
1196 501996 999
1164 501996 999
1265 501996 999
1196 501996 999
1165 501996 999
////////// QuickSort Rosn¹co 1500 //////////
2537 1127996 1499
2501 1127996 1499
2500 1127996 1499
2499 1127996 1499
2501 1127996 1499
2523 1127996 1499
2524 1127996 1499
2501 1127996 1499
2594 1127996 1499
2574 1127996 1499
////////// QuickSort Rosn¹co 2000 //////////
4342 2003996 1999
4536 2003996 1999
4337 2003996 1999
4330 2003996 1999
4327 2003996 1999
4366 2003996 1999
4321 2003996 1999
4326 2003996 1999
4513 2003996 1999
4424 2003996 1999
////////// QuickSort Rosn¹co 2500 //////////
6650 3129996 2499
7091 3129996 2499
6626 3129996 2499
6660 3129996 2499
6699 3129996 2499
6911 3129996 2499
6652 3129996 2499
6877 3129996 2499
6699 3129996 2499
6825 3129996 2499
////////// QuickSort Rosn¹co 3000 //////////
9626 4505996 2999
9410 4505996 2999
9495 4505996 2999
9358 4505996 2999
9414 4505996 2999
9462 4505996 2999
9832 4505996 2999
9459 4505996 2999
9656 4505996 2999
9512 4505996 2999
////////// QuickSort Rosn¹co 3500 //////////
12739 6131996 3499
12690 6131996 3499
12730 6131996 3499
12973 6131996 3499
12713 6131996 3499
12656 6131996 3499
12715 6131996 3499
13041 6131996 3499
13008 6131996 3499
12751 6131996 3499
////////// QuickSort Rosn¹co 3800 //////////
15755 7227596 3799
15866 7227596 3799
15761 7227596 3799
15555 7227596 3799
15445 7227596 3799
15586 7227596 3799
15598 7227596 3799
15949 7227596 3799
15790 7227596 3799
15842 7227596 3799
