////////// QuickSort Losowo 100 //////////
13 939 203
13 945 206
13 959 206
13 1112 210
13 1005 200
13 1054 203
14 934 205
13 953 206
13 942 201
13 967 221
////////// QuickSort Losowo 200 //////////
29 2518 454
28 2289 439
28 2291 458
28 2311 458
28 2616 444
28 2353 442
28 2345 450
28 2199 466
28 2447 448
28 2460 441
////////// QuickSort Losowo 300 //////////
44 3893 727
43 3700 720
45 3546 719
44 3917 708
44 3570 729
43 3662 725
44 3705 732
43 3918 708
45 3745 736
43 3798 719
////////// QuickSort Losowo 400 //////////
61 5299 1040
59 5547 980
71 5988 982
59 5331 987
61 5812 1003
60 5423 976
59 5297 986
60 5501 1001
60 5466 1007
64 5436 1030
////////// QuickSort Losowo 500 //////////
87 7129 1274
76 6537 1279
77 6693 1295
77 6714 1306
77 6553 1274
75 6383 1300
79 6987 1285
77 6906 1290
76 7241 1259
77 6779 1304
////////// QuickSort Losowo 600 //////////
94 8511 1604
95 8629 1598
105 8485 1615
94 8380 1572
95 8724 1578
94 8182 1598
94 8571 1591
93 8451 1584
94 8347 1582
94 8168 1599
////////// QuickSort Losowo 700 //////////
112 10393 1896
110 9277 1901
111 10233 1891
110 9881 1877
113 9843 1866
110 9673 1876
112 10934 1895
111 9910 1898
115 10647 1865
110 10789 1846
////////// QuickSort Losowo 800 //////////
127 11418 2191
129 12069 2168
129 11412 2180
127 11235 2176
129 12247 2222
126 12017 2165
127 11033 2196
131 12769 2212
128 11090 2231
128 13454 2143
////////// QuickSort Losowo 900 //////////
148 13936 2467
146 12680 2537
145 13100 2516
148 13661 2454
146 14769 2472
145 13208 2501
145 13375 2493
146 12842 2550
146 13524 2482
147 14310 2489
////////// QuickSort Losowo 1000 //////////
161 16205 2763
164 14948 2828
237 15459 2811
184 14419 2837
163 14749 2824
166 15803 2797
166 15064 2787
163 15514 2782
171 15670 2833
164 15140 2830
////////// QuickSort Losowo 1100 //////////
181 17078 3154
180 17125 3136
182 16262 3183
179 17067 3099
178 16344 3130
178 17214 3080
201 17389 3075
184 17559 3127
182 15580 3196
182 16500 3136
////////// QuickSort Losowo 1200 //////////
199 19147 3459
200 18925 3439
205 18455 3475
199 19386 3457
198 19194 3459
205 18998 3433
204 18621 3427
200 18068 3497
204 18539 3437
199 18773 3452
////////// QuickSort Losowo 1300 //////////
219 20621 3801
219 20638 3834
217 20538 3757
218 20523 3747
216 21569 3743
217 20929 3755
215 20038 3799
214 19842 3822
222 20526 3774
228 21197 3834
////////// QuickSort Losowo 1400 //////////
235 21899 4129
233 22294 4084
236 23283 4054
243 21870 4081
248 21971 4143
237 23785 4046
239 23097 4127
236 22191 4104
242 23789 4050
246 23012 4110
////////// QuickSort Losowo 1500 //////////
257 25782 4432
262 23732 4460
256 24951 4460
255 23648 4474
261 23776 4430
254 23016 4478
255 24785 4418
255 24686 4416
255 25869 4379
262 23688 4495
////////// QuickSort Losowo 1600 //////////
274 25881 4765
272 25756 4737
274 25925 4822
283 27036 4808
272 25507 4817
276 25388 4694
279 25805 4771
274 25731 4796
270 26466 4717
272 25438 4739
////////// QuickSort Losowo 1700 //////////
296 27597 5155
303 28283 5094
289 28581 5064
288 29487 4985
303 29435 5114
290 28214 5078
306 26459 5138
291 29658 5048
299 28023 5095
292 27572 5193
////////// QuickSort Losowo 1800 //////////
319 30735 5420
309 30078 5429
311 31296 5407
308 30082 5377
314 32338 5408
308 28335 5462
305 29407 5345
309 30634 5368
316 29127 5379
307 28767 5433
////////// QuickSort Losowo 1900 //////////
326 34759 5638
329 31534 5801
328 31790 5764
336 30911 5776
330 33751 5699
340 32795 5778
328 31982 5809
328 31319 5748
326 33386 5697
327 32123 5778
////////// QuickSort Losowo 2000 //////////
354 33844 6176
352 36169 6143
348 33063 6168
354 35553 6127
348 33766 6141
381 34996 6012
352 34970 6145
348 32874 6172
347 34156 6061
347 33666 6127
////////// QuickSort Losowo 2100 //////////
365 37337 6349
363 36362 6347
372 34764 6387
367 38083 6304
367 37496 6386
364 35111 6411
365 35201 6431
366 35244 6439
367 35893 6410
368 36980 6404
////////// QuickSort Losowo 2200 //////////
386 38217 6790
382 36814 6810
386 38176 6808
382 39057 6719
388 37310 6800
387 37516 6816
385 37698 6813
388 39818 6725
389 39204 6787
382 36111 6815
////////// QuickSort Losowo 2300 //////////
398 41367 6928
407 39282 7168
403 38959 7153
405 38899 7173
404 41095 7075
405 41360 7061
408 40192 7107
408 39946 7199
402 39697 7067
399 38595 7040
////////// QuickSort Losowo 2400 //////////
422 41218 7410
423 41720 7452
419 40245 7391
425 40761 7513
424 39732 7555
418 43942 7328
420 40737 7525
436 43243 7408
416 40367 7454
425 41318 7493
////////// QuickSort Losowo 2500 //////////
447 43784 7928
445 44219 7850
443 46436 7744
439 42456 7866
453 43379 7803
440 44354 7746
441 41498 7867
446 42390 7851
444 45770 7764
443 43903 7810
////////// QuickSort Losowo 2600 //////////
460 44099 8159
465 47245 8209
456 46773 7974
456 44172 8125
490 45319 8246
467 48477 8143
462 45354 8168
459 44774 8145
480 47180 8056
480 46205 8236
////////// QuickSort Losowo 2700 //////////
480 47796 8506
480 48656 8475
508 49920 8493
478 46250 8512
481 50902 8372
478 49436 8369
489 50193 8531
496 49162 8452
477 45788 8498
476 48042 8438
////////// QuickSort Losowo 2800 //////////
500 49992 8815
521 52381 8861
502 50965 8847
498 50316 8811
502 49829 8854
494 46232 8906
502 48896 8824
504 49050 8883
500 48952 8904
565 49945 8894
////////// QuickSort Losowo 2900 //////////
534 50587 9125
522 51187 9185
515 50724 9196
559 50222 9257
519 50897 9266
539 52033 9210
533 52112 9154
521 51625 9213
520 51977 9279
525 54700 9236
////////// QuickSort Losowo 3000 //////////
529 52475 9465
560 54666 9519
536 55411 9481
554 54988 9550
534 53858 9497
549 54217 9496
559 54363 9627
539 55182 9530
536 53549 9544
544 55731 9565
////////// QuickSort Losowo 3100 //////////
574 53600 9905
570 53674 9894
563 56796 9893
560 55570 9904
567 54937 10070
574 57468 9780
561 56372 9918
561 54274 9991
564 59066 9862
577 54767 9933
////////// QuickSort Losowo 3200 //////////
580 60013 10180
576 59002 10197
574 56713 10246
584 61571 10209
585 59690 10397
591 58188 10186
581 57043 10319
585 59578 10240
578 59535 10272
577 57787 10286
////////// QuickSort Losowo 3300 //////////
623 59511 10737
614 59736 10525
601 61881 10579
598 58498 10678
603 63287 10620
617 61249 10503
602 60300 10677
617 61871 10586
614 58654 10684
613 58013 10604
////////// QuickSort Losowo 3400 //////////
623 61926 11026
630 64069 10746
609 58451 10972
615 61063 10970
629 59588 10972
616 61458 10969
640 64388 10934
634 62334 10928
646 61794 11049
619 60175 11015
////////// QuickSort Losowo 3500 //////////
640 64466 11369
637 67480 11221
643 63195 11351
636 61006 11367
653 61888 11312
684 63114 11468
631 61807 11303
655 62523 11389
647 63202 11491
637 63381 11392
////////// QuickSort Losowo 3600 //////////
656 68108 11580
679 65355 11775
652 62465 11784
654 62143 11802
656 63565 11793
658 65655 11678
679 66617 11782
658 63550 11731
658 64448 11782
661 65216 11753
////////// QuickSort Losowo 3700 //////////
686 69671 12100
677 69992 12012
674 64158 12191
698 66877 12121
671 67823 12005
694 68875 11942
703 71303 11986
680 66510 12110
685 69017 12095
680 66921 12144
////////// QuickSort Losowo 3800 //////////
696 69438 12417
723 73032 12427
705 71116 12493
694 73329 12242
692 67419 12478
696 70848 12431
702 70277 12531
723 69356 12466
700 69111 12486
722 71390 12396
