////////// QuickSort V-kszta速ne 100 //////////
13 1496 200
13 1382 211
13 1387 206
13 1496 204
13 1364 212
13 1320 216
13 1428 203
13 1390 213
13 1478 213
13 1512 201
////////// QuickSort V-kszta速ne 200 //////////
29 3487 473
28 3533 469
29 3685 451
28 3521 460
28 3597 487
29 3734 481
28 3492 471
30 3947 436
29 3342 474
30 3735 481
////////// QuickSort V-kszta速ne 300 //////////
45 5951 766
45 6041 741
44 5992 751
43 6135 724
45 6044 747
44 5718 747
44 6425 711
43 5806 751
44 5763 749
43 5793 734
////////// QuickSort V-kszta速ne 400 //////////
60 8738 1009
64 8955 984
60 8852 1000
61 9107 1026
62 8738 1052
60 8426 1048
62 8684 1045
60 8367 1028
63 8704 1001
59 8264 1032
////////// QuickSort V-kszta速ne 500 //////////
76 11215 1319
77 11352 1333
76 11568 1257
79 11631 1288
81 11716 1310
77 11525 1292
81 12015 1308
77 11491 1299
76 11432 1254
76 11145 1319
////////// QuickSort V-kszta速ne 600 //////////
97 14198 1608
93 13916 1602
98 14460 1637
98 14490 1613
94 13902 1650
95 15096 1586
94 14372 1621
93 14790 1562
97 14531 1620
100 16483 1561
////////// QuickSort V-kszta速ne 700 //////////
115 17603 1943
119 18536 1855
121 18799 1874
115 18260 1843
116 17454 1976
114 17474 1935
115 17479 1944
115 17005 1945
122 18364 1832
114 17719 1888
////////// QuickSort V-kszta速ne 800 //////////
133 20316 2289
132 21161 2218
131 21041 2151
133 21252 2182
133 20705 2178
139 20919 2303
133 22084 2191
133 21211 2260
133 21314 2196
136 21325 2334
////////// QuickSort V-kszta速ne 900 //////////
153 25016 2527
151 24290 2559
150 24169 2603
155 24338 2463
152 24356 2587
152 25603 2430
151 23692 2614
149 23387 2597
154 24264 2495
151 25396 2466
////////// QuickSort V-kszta速ne 1000 //////////
167 27788 2968
168 27510 2843
167 26708 2864
170 27674 2848
168 26679 2882
166 27136 2865
175 27743 2855
170 27531 2847
169 27935 2786
169 27282 2923
////////// QuickSort V-kszta速ne 1100 //////////
186 31245 3187
186 30153 3225
187 30384 3241
191 30725 3343
189 30388 3255
187 31518 3122
189 30099 3157
187 31121 3214
187 29926 3273
189 30912 3198
////////// QuickSort V-kszta速ne 1200 //////////
202 33075 3485
211 37583 3328
208 34453 3541
203 32988 3514
204 34305 3512
208 34832 3528
207 34138 3568
226 34912 3362
207 33938 3535
211 35933 3506
////////// QuickSort V-kszta速ne 1300 //////////
227 38660 3830
223 37952 3844
226 38246 3915
222 37566 3850
238 39646 3850
223 38952 3677
225 38249 3850
224 37056 3925
229 40508 3728
235 41291 3816
////////// QuickSort V-kszta速ne 1400 //////////
242 39615 4273
244 41300 4238
242 40964 4173
241 41737 4067
262 39731 4214
248 43066 4198
257 43972 4140
249 43599 4071
256 42859 4207
243 41742 4129
////////// QuickSort V-kszta速ne 1500 //////////
264 44707 4562
268 47066 4484
261 44196 4539
269 46961 4599
268 46360 4628
262 45831 4405
267 45752 4671
260 45719 4412
292 46488 4621
270 48403 4430
////////// QuickSort V-kszta速ne 1600 //////////
284 48946 4898
285 49350 4870
297 52490 4776
429 51396 4707
285 49636 4920
281 47155 4989
285 48456 4878
281 50763 4638
289 50225 4885
279 49490 4667
////////// QuickSort V-kszta速ne 1700 //////////
335 52498 5205
303 53078 5236
300 52562 5119
311 52511 5288
297 53095 4979
300 53023 5147
310 51936 5255
297 52467 5096
305 53254 5251
303 54722 5002
////////// QuickSort V-kszta速ne 1800 //////////
319 55810 5522
325 58548 5469
321 57053 5496
320 54584 5703
337 59310 5499
324 57252 5494
326 57150 5569
318 57866 5254
340 58216 5496
326 58770 5571
////////// QuickSort V-kszta速ne 1900 //////////
342 60160 5842
345 60923 5880
351 58754 6055
346 60591 6068
347 62626 5842
351 64030 5912
352 62293 5694
348 64028 5768
343 60976 5954
342 61528 5916
////////// QuickSort V-kszta速ne 2000 //////////
373 65661 6047
362 64191 6204
366 66466 6141
385 75538 6011
368 66168 6355
375 72195 5978
363 65676 6201
367 66966 6120
369 67424 6150
368 67008 6150
////////// QuickSort V-kszta速ne 2100 //////////
388 71846 6376
446 73371 6531
387 73740 6227
391 71675 6432
422 68602 6536
385 71098 6368
385 71553 6354
387 73711 6216
380 67297 6676
389 70772 6676
////////// QuickSort V-kszta速ne 2200 //////////
414 79063 6712
404 73489 6774
417 74129 6913
398 73413 6691
404 73655 6758
398 69490 7081
409 78435 6635
421 70915 6976
417 74850 6675
405 73986 6746
////////// QuickSort V-kszta速ne 2300 //////////
440 80199 7071
441 77798 7342
450 78353 7363
436 83582 7007
425 78161 7303
422 74358 7297
440 77558 7392
429 78823 7333
421 76510 7223
424 76544 7293
////////// QuickSort V-kszta速ne 2400 //////////
443 80181 7608
438 80073 7398
442 79127 7628
445 82126 7439
472 86082 7463
449 81896 7792
457 82534 7530
434 78600 7563
445 82861 7436
450 84349 7467
////////// QuickSort V-kszta速ne 2500 //////////
471 89534 7706
475 89370 8094
490 89670 8022
476 91086 7965
468 86526 7955
472 86999 8152
461 83489 7973
477 91504 7853
485 90395 7763
463 87157 7740
////////// QuickSort V-kszta速ne 2600 //////////
484 91193 8063
488 90428 8465
490 95033 8057
488 91248 8217
502 90921 8187
521 90977 8298
480 88994 8139
486 91203 8177
485 89937 8191
479 89283 8096
////////// QuickSort V-kszta速ne 2700 //////////
532 97106 8758
511 97404 8494
524 104759 8374
533 96833 8557
577 97088 8639
520 99833 8636
519 97700 8767
519 101380 8367
513 100445 8376
522 102522 8493
////////// QuickSort V-kszta速ne 2800 //////////
525 99951 8858
544 106638 8761
522 97574 8832
599 100735 9089
547 100519 8870
528 101701 8771
535 102698 9009
553 99269 9274
525 98594 8776
533 101265 8940
////////// QuickSort V-kszta速ne 2900 //////////
559 107429 9382
547 103843 9141
568 109014 9440
560 106347 9633
577 106707 9569
572 107356 9341
565 103088 9283
557 105165 9486
561 108202 9454
554 104662 9325
////////// QuickSort V-kszta速ne 3000 //////////
600 112077 9876
586 114489 9672
571 106308 9779
576 110310 9755
581 109411 9941
606 117386 9331
602 115874 9510
578 108011 9967
578 113855 9422
574 110354 9708
////////// QuickSort V-kszta速ne 3100 //////////
600 110388 9782
604 117052 10189
594 113487 10081
597 114212 9994
578 109100 9789
601 113200 10389
602 116224 10061
598 111856 10246
619 113989 10155
583 109145 9971
////////// QuickSort V-kszta速ne 3200 //////////
628 123745 10520
625 121943 10465
623 124005 10296
630 123976 10277
677 118646 10551
626 119608 10653
624 118863 10559
626 121578 10405
656 119121 10298
632 122084 10702
////////// QuickSort V-kszta速ne 3300 //////////
645 115831 10984
630 118796 10940
636 123184 10529
642 123782 10654
630 118402 10659
645 116449 10683
647 123303 10903
624 114103 10892
630 118531 10729
633 117801 10900
////////// QuickSort V-kszta速ne 3400 //////////
650 119921 11243
661 127577 11161
677 126193 11107
665 127945 11288
704 127696 11075
656 124707 11087
664 127504 11302
657 124661 11236
651 123904 11008
656 128273 10906
////////// QuickSort V-kszta速ne 3500 //////////
690 133211 11548
676 129690 11537
694 128064 11645
676 127054 11783
687 133790 11575
684 132092 11664
755 130809 11618
673 130688 11311
682 134226 11312
676 125748 11851
////////// QuickSort V-kszta速ne 3600 //////////
709 140598 11666
713 143296 11474
719 141569 11942
726 139571 11717
713 140761 11861
783 145939 11622
712 141422 11859
710 138772 11949
705 134443 11851
720 139379 11756
////////// QuickSort V-kszta速ne 3700 //////////
725 143669 11956
750 144556 12152
724 141337 12128
757 143632 12333
714 136154 12196
723 142743 12174
722 142335 11943
740 146038 12499
724 137246 12439
738 150280 11790
////////// QuickSort V-kszta速ne 3800 //////////
743 142027 12814
763 145427 12413
753 146483 12747
755 142982 12911
743 140119 12862
767 143312 12739
743 142770 12617
761 141691 12743
808 145749 12849
754 146018 12634
