////////// QuickSort A-kszta速ne 100 //////////
13 1547 194
13 1554 201
13 1634 196
13 1510 197
13 1574 197
13 1556 199
13 1544 197
13 1572 198
13 1530 194
13 1500 192
////////// QuickSort A-kszta速ne 200 //////////
28 3876 429
28 3983 449
29 4023 441
30 4088 434
28 3599 432
28 3842 436
28 3879 441
39 3993 439
28 3603 432
29 3899 440
////////// QuickSort A-kszta速ne 300 //////////
45 6431 711
45 6705 692
44 6516 686
47 6533 670
44 6744 679
43 6368 688
45 6778 701
44 6411 711
47 6827 665
44 6651 702
////////// QuickSort A-kszta速ne 400 //////////
59 9056 954
61 9105 953
63 9691 947
62 9493 940
63 9611 972
61 9225 939
61 9376 950
60 9366 972
60 9001 967
62 8910 953
////////// QuickSort A-kszta速ne 500 //////////
79 12115 1244
77 12003 1245
80 12263 1245
77 12719 1206
82 13454 1223
77 12395 1222
80 12948 1173
78 12014 1228
80 12512 1221
98 12154 1243
////////// QuickSort A-kszta速ne 600 //////////
105 16532 1514
99 16262 1551
99 16849 1505
99 15866 1551
94 15598 1496
98 16420 1532
99 15694 1524
98 15392 1584
100 17062 1506
99 16473 1567
////////// QuickSort A-kszta速ne 700 //////////
115 18758 1836
114 19495 1743
120 22075 1708
118 19787 1825
118 18828 1834
126 19217 1840
115 19781 1755
117 19696 1805
126 18843 1807
119 19360 1781
////////// QuickSort A-kszta速ne 800 //////////
136 23020 2136
136 23482 2140
137 22754 2086
134 22903 2093
136 23578 2071
141 23641 2160
133 22265 2162
129 22092 2115
138 24321 2211
134 21726 2110
////////// QuickSort A-kszta速ne 900 //////////
151 25765 2375
158 26799 2427
154 27174 2392
151 25926 2332
154 26679 2436
155 25442 2409
155 26019 2361
154 25234 2388
152 26876 2343
154 26780 2419
////////// QuickSort A-kszta速ne 1000 //////////
174 32233 2669
174 30553 2699
168 28474 2692
173 30891 2682
178 31011 2688
168 28484 2735
173 30939 2669
174 29509 2718
174 29290 2697
176 29211 2732
////////// QuickSort A-kszta速ne 1100 //////////
194 34893 2982
189 33580 3037
189 34085 2996
190 34317 2985
193 35043 3105
195 33484 2998
191 32816 2972
194 34604 3131
193 35531 3075
196 35462 3028
////////// QuickSort A-kszta速ne 1200 //////////
210 38190 3332
210 39237 3242
209 38140 3247
212 38479 3428
214 38880 3252
219 38443 3418
210 37292 3385
210 37978 3297
213 38483 3372
215 37836 3346
////////// QuickSort A-kszta速ne 1300 //////////
234 43539 3555
231 42830 3586
230 42513 3607
238 42517 3644
227 42137 3590
235 41292 3639
239 42982 3684
237 42555 3600
240 43641 3846
236 43240 3841
////////// QuickSort A-kszta速ne 1400 //////////
247 44826 4017
250 48079 3819
250 46529 3928
241 43449 3911
245 44461 3980
254 46277 3933
247 45320 3887
253 44951 3872
256 46880 3800
245 44839 3897
////////// QuickSort A-kszta速ne 1500 //////////
288 50714 4221
280 50757 4242
264 47691 4299
296 50983 4344
263 47814 4215
277 50056 4300
263 47314 4310
272 49951 4370
269 50160 4199
261 47167 4285
////////// QuickSort A-kszta速ne 1600 //////////
303 56174 4499
296 53173 4710
286 53320 4587
282 52489 4498
287 55757 4354
292 54105 4685
323 52884 4649
287 53089 4661
285 53853 4435
293 53250 4540
////////// QuickSort A-kszta速ne 1700 //////////
309 58698 4850
304 56579 4897
320 59939 4901
302 56278 4855
307 58333 4828
306 57767 4855
305 57657 4826
309 58607 4905
299 54805 4901
322 60852 4862
////////// QuickSort A-kszta速ne 1800 //////////
336 61488 5143
330 63246 5225
320 58935 5142
325 60509 5207
331 63295 5201
338 65112 5390
324 61970 5203
329 62198 5238
322 59855 5194
326 62106 5226
////////// QuickSort A-kszta速ne 1900 //////////
344 65520 5545
348 65458 5599
345 65916 5503
340 62937 5528
356 68759 5536
340 64908 5439
348 66061 5458
349 68043 5470
359 66584 5494
354 68160 5510
////////// QuickSort A-kszta速ne 2000 //////////
382 67894 5904
377 75929 5652
370 71403 5879
375 68637 5925
378 69837 5901
375 68742 5820
367 69966 5887
369 70300 5914
368 68900 5955
368 68745 6019
////////// QuickSort A-kszta速ne 2100 //////////
393 76391 6336
403 75817 6166
390 74340 6285
394 76837 6227
400 80838 5960
392 77311 6127
390 75318 6224
391 77072 5990
486 77363 6001
399 74189 6252
////////// QuickSort A-kszta速ne 2200 //////////
411 79620 6575
409 76792 6618
407 78780 6436
412 79919 6608
413 79645 6705
404 78488 6380
444 77683 6466
412 80836 6434
414 81239 6433
414 80439 6585
////////// QuickSort A-kszta速ne 2300 //////////
423 81388 6781
446 85744 6783
440 86894 6963
446 83367 7017
426 81580 6933
434 82616 7117
454 84504 6841
442 84396 6729
422 81681 6746
445 83902 6736
////////// QuickSort A-kszta速ne 2400 //////////
474 90559 7147
454 87598 7324
457 91356 7244
454 89038 7217
452 89369 7182
465 88262 7142
451 88829 7063
451 88059 7222
457 89411 7416
460 86264 7216
////////// QuickSort A-kszta速ne 2500 //////////
460 88001 7519
462 88599 7439
470 90517 7647
473 90039 7720
463 89319 7506
481 91593 7583
498 90144 7525
478 99240 7195
472 90995 7656
465 89211 7720
////////// QuickSort A-kszta速ne 2600 //////////
509 97134 7898
487 95626 7950
492 98129 7760
506 99138 8322
499 99586 7990
511 101823 8209
493 99047 7621
495 98083 7958
615 98236 7851
500 99646 7979
////////// QuickSort A-kszta速ne 2700 //////////
521 104201 8402
525 98313 8338
528 105479 8078
511 103160 7941
528 101855 8051
521 101977 8449
514 102474 8130
515 101921 8323
511 100295 8177
508 97674 8329
////////// QuickSort A-kszta速ne 2800 //////////
535 107493 8567
534 107267 8522
535 106777 8565
547 109409 8837
532 104465 8559
544 108006 8580
546 108750 8312
545 108414 8862
536 107769 8423
536 108679 8400
////////// QuickSort A-kszta速ne 2900 //////////
549 107789 8845
564 107632 8918
552 107857 8922
551 108854 8718
549 107529 8874
562 104795 8825
553 110571 9007
572 113720 8551
553 112023 8621
564 107785 8849
////////// QuickSort A-kszta速ne 3000 //////////
579 110939 9054
577 116769 9036
587 117385 9517
585 120078 9002
584 111103 9068
584 117185 9339
587 110970 9187
578 110318 9101
564 112077 9003
588 114677 8933
////////// QuickSort A-kszta速ne 3100 //////////
588 115467 9549
587 116925 9338
597 118380 9642
599 121001 9503
608 120721 9545
600 116580 9844
625 121708 9656
607 117431 9374
619 119858 9692
626 124122 9508
////////// QuickSort A-kszta速ne 3200 //////////
625 114589 10258
622 122388 10170
633 120479 10083
620 121518 10090
668 120322 10116
630 125432 10358
632 120851 10048
619 121633 10032
615 122440 9950
610 119531 10050
////////// QuickSort A-kszta速ne 3300 //////////
641 129234 10121
648 132020 10361
635 127415 10126
651 135006 10043
656 137566 10162
664 129789 10171
658 137017 10184
641 129869 10264
795 129811 10135
645 131373 10226
////////// QuickSort A-kszta速ne 3400 //////////
664 127353 10519
651 130324 10511
677 131816 10511
673 136556 10963
675 136726 10839
661 133045 10602
691 137279 10687
666 136859 10476
657 131542 10491
658 131791 10578
////////// QuickSort A-kszta速ne 3500 //////////
677 136513 10880
681 140188 10856
681 137068 10799
693 137914 10850
699 136916 10975
682 138597 10884
680 138904 10719
687 139888 10893
713 143225 10790
685 138915 10915
////////// QuickSort A-kszta速ne 3600 //////////
740 142166 11160
724 140925 11372
714 136254 11365
704 142199 11387
700 141150 11274
694 137700 11246
693 137934 11285
704 139665 11544
701 140677 11360
710 143458 11414
////////// QuickSort A-kszta速ne 3700 //////////
753 152089 11364
720 146739 11524
725 148536 11450
727 147193 11590
720 143777 11660
714 140405 11608
740 144342 11726
732 149069 11706
721 144148 11615
719 143466 11645
////////// QuickSort A-kszta速ne 3800 //////////
755 158212 11927
747 153157 11717
758 159405 11749
761 156975 12047
776 156195 11883
793 154617 11860
753 150907 11789
758 154278 12216
752 151985 12188
743 149887 11993
