////////// QuickSort Malej¹co 100 //////////
24 5148 99 5247
25 5148 99 5247
25 5148 99 5247
25 5148 99 5247
23 5148 99 5247
23 5148 99 5247
23 5148 99 5247
25 5148 99 5247
25 5148 99 5247
24 5148 99 5247
////////// QuickSort Malej¹co 500 //////////
349 125748 499 126247
329 125748 499 126247
330 125748 499 126247
328 125748 499 126247
330 125748 499 126247
337 125748 499 126247
332 125748 499 126247
338 125748 499 126247
330 125748 499 126247
329 125748 499 126247
////////// QuickSort Malej¹co 1000 //////////
1160 501498 999 502497
1160 501498 999 502497
1161 501498 999 502497
1159 501498 999 502497
1161 501498 999 502497
1193 501498 999 502497
1159 501498 999 502497
1163 501498 999 502497
1159 501498 999 502497
1181 501498 999 502497
////////// QuickSort Malej¹co 1500 //////////
2499 1127248 1499 1128747
2501 1127248 1499 1128747
2492 1127248 1499 1128747
2500 1127248 1499 1128747
2502 1127248 1499 1128747
2519 1127248 1499 1128747
2496 1127248 1499 1128747
2496 1127248 1499 1128747
2493 1127248 1499 1128747
2493 1127248 1499 1128747
////////// QuickSort Malej¹co 2000 //////////
4320 2002998 1999 2004997
4336 2002998 1999 2004997
4377 2002998 1999 2004997
4322 2002998 1999 2004997
4318 2002998 1999 2004997
4319 2002998 1999 2004997
4325 2002998 1999 2004997
4317 2002998 1999 2004997
4334 2002998 1999 2004997
4318 2002998 1999 2004997
////////// QuickSort Malej¹co 2500 //////////
6594 3128748 2499 3131247
6664 3128748 2499 3131247
6701 3128748 2499 3131247
6588 3128748 2499 3131247
6655 3128748 2499 3131247
6597 3128748 2499 3131247
6709 3128748 2499 3131247
6730 3128748 2499 3131247
6740 3128748 2499 3131247
6614 3128748 2499 3131247
////////// QuickSort Malej¹co 3000 //////////
9441 4504498 2999 4507497
9373 4504498 2999 4507497
9354 4504498 2999 4507497
9396 4504498 2999 4507497
9452 4504498 2999 4507497
9491 4504498 2999 4507497
9348 4504498 2999 4507497
9356 4504498 2999 4507497
9414 4504498 2999 4507497
9467 4504498 2999 4507497
////////// QuickSort Malej¹co 3500 //////////
12915 6130248 3499 6133747
12815 6130248 3499 6133747
12833 6130248 3499 6133747
12712 6130248 3499 6133747
12692 6130248 3499 6133747
12854 6130248 3499 6133747
12777 6130248 3499 6133747
12791 6130248 3499 6133747
12698 6130248 3499 6133747
12643 6130248 3499 6133747
////////// QuickSort Malej¹co 3800 //////////
14861 7225698 3799 7229497
14945 7225698 3799 7229497
15019 7225698 3799 7229497
14925 7225698 3799 7229497
14889 7225698 3799 7229497
14931 7225698 3799 7229497
14943 7225698 3799 7229497
15023 7225698 3799 7229497
15082 7225698 3799 7229497
14882 7225698 3799 7229497
