////////// SelectionSort V-kszta速ne 500 //////////
287 125250 500
287 125250 500
296 125250 500
287 125250 500
288 125250 500
287 125250 500
287 125250 500
287 125250 500
287 125250 500
287 125250 500
////////// SelectionSort V-kszta速ne 1000 //////////
1125 500500 1000
1092 500500 1000
1091 500500 1000
1091 500500 1000
1092 500500 1000
1090 500500 1000
1123 500500 1000
1093 500500 1000
1124 500500 1000
1092 500500 1000
////////// SelectionSort V-kszta速ne 1500 //////////
2415 1125750 1500
2416 1125750 1500
2460 1125750 1500
2415 1125750 1500
2415 1125750 1500
2415 1125750 1500
2486 1125750 1500
2486 1125750 1500
2490 1125750 1500
2435 1125750 1500
////////// SelectionSort V-kszta速ne 2000 //////////
4246 2001000 2000
4367 2001000 2000
4400 2001000 2000
4244 2001000 2000
4479 2001000 2000
4278 2001000 2000
4414 2001000 2000
4249 2001000 2000
4273 2001000 2000
4287 2001000 2000
////////// SelectionSort V-kszta速ne 2500 //////////
6674 3126250 2500
6573 3126250 2500
6601 3126250 2500
6916 3126250 2500
6830 3126250 2500
6543 3126250 2500
6552 3126250 2500
6583 3126250 2500
6642 3126250 2500
6619 3126250 2500
////////// SelectionSort V-kszta速ne 3000 //////////
9424 4501500 3000
9430 4501500 3000
10098 4501500 3000
9340 4501500 3000
9371 4501500 3000
9341 4501500 3000
9507 4501500 3000
9384 4501500 3000
9439 4501500 3000
9386 4501500 3000
////////// SelectionSort V-kszta速ne 3500 //////////
12782 6126750 3500
13430 6126750 3500
12813 6126750 3500
12766 6126750 3500
12746 6126750 3500
12693 6126750 3500
13068 6126750 3500
12847 6126750 3500
12984 6126750 3500
12749 6126750 3500
////////// SelectionSort V-kszta速ne 4000 //////////
16980 8002000 4000
16528 8002000 4000
16520 8002000 4000
16538 8002000 4000
16760 8002000 4000
16538 8002000 4000
17249 8002000 4000
16921 8002000 4000
16626 8002000 4000
16598 8002000 4000
////////// SelectionSort V-kszta速ne 4500 //////////
20903 10127250 4500
21194 10127250 4500
20916 10127250 4500
21397 10127250 4500
21516 10127250 4500
20964 10127250 4500
21452 10127250 4500
20981 10127250 4500
20959 10127250 4500
22351 10127250 4500
////////// SelectionSort V-kszta速ne 5000 //////////
26385 12502500 5000
25898 12502500 5000
25830 12502500 5000
26001 12502500 5000
26198 12502500 5000
26401 12502500 5000
25753 12502500 5000
26200 12502500 5000
25718 12502500 5000
25749 12502500 5000
////////// SelectionSort V-kszta速ne 5500 //////////
31265 15127750 5500
32385 15127750 5500
31921 15127750 5500
31158 15127750 5500
31183 15127750 5500
31517 15127750 5500
31296 15127750 5500
31147 15127750 5500
31220 15127750 5500
32165 15127750 5500
////////// SelectionSort V-kszta速ne 6000 //////////
37438 18003000 6000
37030 18003000 6000
36927 18003000 6000
37351 18003000 6000
37308 18003000 6000
36854 18003000 6000
37011 18003000 6000
36976 18003000 6000
36949 18003000 6000
36900 18003000 6000
////////// SelectionSort V-kszta速ne 6500 //////////
43428 21128250 6500
45632 21128250 6500
43455 21128250 6500
43410 21128250 6500
43588 21128250 6500
43406 21128250 6500
43616 21128250 6500
43865 21128250 6500
43405 21128250 6500
43946 21128250 6500
////////// SelectionSort V-kszta速ne 7000 //////////
50257 24503500 7000
50307 24503500 7000
50398 24503500 7000
50309 24503500 7000
50378 24503500 7000
50372 24503500 7000
51327 24503500 7000
50333 24503500 7000
51246 24503500 7000
50116 24503500 7000
////////// SelectionSort V-kszta速ne 7500 //////////
57818 28128750 7500
58393 28128750 7500
57853 28128750 7500
57740 28128750 7500
57718 28128750 7500
57557 28128750 7500
60573 28128750 7500
57877 28128750 7500
57656 28128750 7500
59051 28128750 7500
////////// SelectionSort V-kszta速ne 8000 //////////
68451 32004000 8000
65907 32004000 8000
66448 32004000 8000
65744 32004000 8000
66287 32004000 8000
66161 32004000 8000
65579 32004000 8000
65626 32004000 8000
65764 32004000 8000
65479 32004000 8000
////////// SelectionSort V-kszta速ne 8500 //////////
74696 36129250 8500
74132 36129250 8500
74059 36129250 8500
74043 36129250 8500
80375 36129250 8500
74023 36129250 8500
74263 36129250 8500
74173 36129250 8500
75765 36129250 8500
73984 36129250 8500
////////// SelectionSort V-kszta速ne 9000 //////////
83387 40504500 9000
83245 40504500 9000
83683 40504500 9000
83917 40504500 9000
83032 40504500 9000
84882 40504500 9000
83964 40504500 9000
82943 40504500 9000
84148 40504500 9000
86181 40504500 9000
////////// SelectionSort V-kszta速ne 9500 //////////
92982 45129750 9500
94072 45129750 9500
93380 45129750 9500
93587 45129750 9500
93779 45129750 9500
92821 45129750 9500
92851 45129750 9500
93790 45129750 9500
92721 45129750 9500
93838 45129750 9500
////////// SelectionSort V-kszta速ne 10000 //////////
104544 50005000 10000
103549 50005000 10000
103704 50005000 10000
102897 50005000 10000
102829 50005000 10000
105901 50005000 10000
103272 50005000 10000
105122 50005000 10000
102841 50005000 10000
102956 50005000 10000
