////////// SelectionSort Rosn¹co 500 //////////
303 125250 500
292 125250 500
302 125250 500
293 125250 500
293 125250 500
302 125250 500
293 125250 500
292 125250 500
294 125250 500
294 125250 500
////////// SelectionSort Rosn¹co 1000 //////////
1131 500500 1000
1133 500500 1000
1154 500500 1000
1129 500500 1000
1133 500500 1000
1133 500500 1000
1132 500500 1000
1175 500500 1000
1132 500500 1000
1133 500500 1000
////////// SelectionSort Rosn¹co 1500 //////////
2516 1125750 1500
2516 1125750 1500
2529 1125750 1500
2593 1125750 1500
2592 1125750 1500
2516 1125750 1500
2516 1125750 1500
2590 1125750 1500
2537 1125750 1500
2511 1125750 1500
////////// SelectionSort Rosn¹co 2000 //////////
4583 2001000 2000
4440 2001000 2000
4548 2001000 2000
4566 2001000 2000
4459 2001000 2000
4440 2001000 2000
4427 2001000 2000
4490 2001000 2000
4560 2001000 2000
4733 2001000 2000
////////// SelectionSort Rosn¹co 2500 //////////
6969 3126250 2500
7055 3126250 2500
6992 3126250 2500
6854 3126250 2500
6950 3126250 2500
6829 3126250 2500
6834 3126250 2500
6941 3126250 2500
6834 3126250 2500
6885 3126250 2500
////////// SelectionSort Rosn¹co 3000 //////////
9954 4501500 3000
9847 4501500 3000
10015 4501500 3000
9867 4501500 3000
10078 4501500 3000
9875 4501500 3000
10022 4501500 3000
9767 4501500 3000
9763 4501500 3000
10245 4501500 3000
////////// SelectionSort Rosn¹co 3500 //////////
13546 6126750 3500
13227 6126750 3500
13536 6126750 3500
14360 6126750 3500
13493 6126750 3500
13364 6126750 3500
13666 6126750 3500
13476 6126750 3500
13308 6126750 3500
13300 6126750 3500
////////// SelectionSort Rosn¹co 4000 //////////
17480 8002000 4000
17362 8002000 4000
17442 8002000 4000
17488 8002000 4000
17441 8002000 4000
17381 8002000 4000
17302 8002000 4000
17337 8002000 4000
18192 8002000 4000
17327 8002000 4000
////////// SelectionSort Rosn¹co 4500 //////////
22503 10127250 4500
21868 10127250 4500
21883 10127250 4500
21908 10127250 4500
22305 10127250 4500
21902 10127250 4500
21845 10127250 4500
22370 10127250 4500
21902 10127250 4500
21957 10127250 4500
////////// SelectionSort Rosn¹co 5000 //////////
26957 12502500 5000
27302 12502500 5000
27086 12502500 5000
27310 12502500 5000
27023 12502500 5000
27059 12502500 5000
27033 12502500 5000
27569 12502500 5000
27687 12502500 5000
26977 12502500 5000
////////// SelectionSort Rosn¹co 5500 //////////
34735 15127750 5500
33379 15127750 5500
33455 15127750 5500
32828 15127750 5500
32859 15127750 5500
32876 15127750 5500
33642 15127750 5500
32722 15127750 5500
33384 15127750 5500
32638 15127750 5500
////////// SelectionSort Rosn¹co 6000 //////////
38778 18003000 6000
40081 18003000 6000
39693 18003000 6000
39014 18003000 6000
38814 18003000 6000
38753 18003000 6000
38831 18003000 6000
39575 18003000 6000
39215 18003000 6000
38735 18003000 6000
////////// SelectionSort Rosn¹co 6500 //////////
46481 21128250 6500
45484 21128250 6500
47844 21128250 6500
45640 21128250 6500
45447 21128250 6500
45503 21128250 6500
45903 21128250 6500
45614 21128250 6500
47455 21128250 6500
46212 21128250 6500
////////// SelectionSort Rosn¹co 7000 //////////
52814 24503500 7000
52673 24503500 7000
52607 24503500 7000
52606 24503500 7000
53564 24503500 7000
52738 24503500 7000
52676 24503500 7000
52872 24503500 7000
54370 24503500 7000
53292 24503500 7000
////////// SelectionSort Rosn¹co 7500 //////////
61414 28128750 7500
61701 28128750 7500
60602 28128750 7500
62841 28128750 7500
61004 28128750 7500
62046 28128750 7500
60878 28128750 7500
63985 28128750 7500
61201 28128750 7500
60654 28128750 7500
////////// SelectionSort Rosn¹co 8000 //////////
68698 32004000 8000
68633 32004000 8000
69490 32004000 8000
68689 32004000 8000
68863 32004000 8000
69214 32004000 8000
72205 32004000 8000
68857 32004000 8000
68775 32004000 8000
69529 32004000 8000
////////// SelectionSort Rosn¹co 8500 //////////
77510 36129250 8500
81441 36129250 8500
77746 36129250 8500
77805 36129250 8500
77714 36129250 8500
78942 36129250 8500
78947 36129250 8500
78488 36129250 8500
77567 36129250 8500
77628 36129250 8500
////////// SelectionSort Rosn¹co 9000 //////////
88303 40504500 9000
88172 40504500 9000
87955 40504500 9000
88329 40504500 9000
89272 40504500 9000
87740 40504500 9000
87937 40504500 9000
90303 40504500 9000
86980 40504500 9000
88244 40504500 9000
////////// SelectionSort Rosn¹co 9500 //////////
97053 45129750 9500
97101 45129750 9500
97550 45129750 9500
97214 45129750 9500
96871 45129750 9500
100378 45129750 9500
98675 45129750 9500
97317 45129750 9500
97839 45129750 9500
97027 45129750 9500
////////// SelectionSort Rosn¹co 10000 //////////
107290 50005000 10000
107409 50005000 10000
108101 50005000 10000
107358 50005000 10000
107383 50005000 10000
110854 50005000 10000
107366 50005000 10000
107527 50005000 10000
109092 50005000 10000
107550 50005000 10000
