////////// SelectionSort Losowo 500 //////////
287 125250 500
299 125250 500
286 125250 500
294 125250 500
286 125250 500
273 125250 500
287 125250 500
300 125250 500
286 125250 500
318 125250 500
////////// SelectionSort Losowo 1000 //////////
1081 500500 1000
1081 500500 1000
1079 500500 1000
1114 500500 1000
1081 500500 1000
1120 500500 1000
1083 500500 1000
1114 500500 1000
1170 500500 1000
1079 500500 1000
////////// SelectionSort Losowo 1500 //////////
2510 1125750 1500
2382 1125750 1500
2380 1125750 1500
2382 1125750 1500
2481 1125750 1500
2383 1125750 1500
2381 1125750 1500
2425 1125750 1500
2383 1125750 1500
2453 1125750 1500
////////// SelectionSort Losowo 2000 //////////
4316 2001000 2000
4181 2001000 2000
4274 2001000 2000
4284 2001000 2000
4211 2001000 2000
4353 2001000 2000
4232 2001000 2000
4187 2001000 2000
4177 2001000 2000
4228 2001000 2000
////////// SelectionSort Losowo 2500 //////////
5790 3126250 2500
6451 3126250 2500
6536 3126250 2500
6520 3126250 2500
6464 3126250 2500
6635 3126250 2500
6468 3126250 2500
6486 3126250 2500
6447 3126250 2500
6509 3126250 2500
////////// SelectionSort Losowo 3000 //////////
9229 4501500 3000
9102 4501500 3000
9527 4501500 3000
9466 4501500 3000
9356 4501500 3000
9162 4501500 3000
9217 4501500 3000
9201 4501500 3000
9242 4501500 3000
9237 4501500 3000
////////// SelectionSort Losowo 3500 //////////
12664 6126750 3500
12901 6126750 3500
12489 6126750 3500
12402 6126750 3500
12355 6126750 3500
12494 6126750 3500
12700 6126750 3500
12497 6126750 3500
12503 6126750 3500
12445 6126750 3500
////////// SelectionSort Losowo 4000 //////////
16670 8002000 4000
16204 8002000 4000
16612 8002000 4000
16327 8002000 4000
16221 8002000 4000
16202 8002000 4000
16246 8002000 4000
16192 8002000 4000
16330 8002000 4000
16213 8002000 4000
////////// SelectionSort Losowo 4500 //////////
20414 10127250 4500
20487 10127250 4500
20447 10127250 4500
20431 10127250 4500
20485 10127250 4500
20860 10127250 4500
20446 10127250 4500
20471 10127250 4500
22627 10127250 4500
20597 10127250 4500
////////// SelectionSort Losowo 5000 //////////
25170 12502500 5000
25986 12502500 5000
25392 12502500 5000
25155 12502500 5000
25773 12502500 5000
25406 12502500 5000
25460 12502500 5000
25795 12502500 5000
25371 12502500 5000
26665 12502500 5000
////////// SelectionSort Losowo 5500 //////////
30627 15127750 5500
30600 15127750 5500
30680 15127750 5500
30454 15127750 5500
31010 15127750 5500
30679 15127750 5500
31280 15127750 5500
30449 15127750 5500
30583 15127750 5500
30551 15127750 5500
////////// SelectionSort Losowo 6000 //////////
36261 18003000 6000
36205 18003000 6000
36096 18003000 6000
36239 18003000 6000
37032 18003000 6000
36162 18003000 6000
36347 18003000 6000
36158 18003000 6000
36146 18003000 6000
38082 18003000 6000
////////// SelectionSort Losowo 6500 //////////
42516 21128250 6500
43229 21128250 6500
42371 21128250 6500
43222 21128250 6500
44619 21128250 6500
42411 21128250 6500
42386 21128250 6500
42357 21128250 6500
44576 21128250 6500
42459 21128250 6500
////////// SelectionSort Losowo 7000 //////////
49185 24503500 7000
50086 24503500 7000
49155 24503500 7000
50156 24503500 7000
49384 24503500 7000
49222 24503500 7000
50000 24503500 7000
49193 24503500 7000
49363 24503500 7000
50967 24503500 7000
////////// SelectionSort Losowo 7500 //////////
56709 28128750 7500
56909 28128750 7500
56345 28128750 7500
56311 28128750 7500
59178 28128750 7500
56226 28128750 7500
56881 28128750 7500
56289 28128750 7500
56493 28128750 7500
57486 28128750 7500
////////// SelectionSort Losowo 8000 //////////
64665 32004000 8000
63992 32004000 8000
64120 32004000 8000
66005 32004000 8000
64348 32004000 8000
63558 32004000 8000
65006 32004000 8000
64741 32004000 8000
64743 32004000 8000
64872 32004000 8000
////////// SelectionSort Losowo 8500 //////////
72967 36129250 8500
74911 36129250 8500
73572 36129250 8500
72397 36129250 8500
72657 36129250 8500
74182 36129250 8500
73266 36129250 8500
74408 36129250 8500
73789 36129250 8500
74111 36129250 8500
////////// SelectionSort Losowo 9000 //////////
81416 40504500 9000
81103 40504500 9000
81957 40504500 9000
81077 40504500 9000
81903 40504500 9000
83274 40504500 9000
82083 40504500 9000
81051 40504500 9000
81436 40504500 9000
81777 40504500 9000
////////// SelectionSort Losowo 9500 //////////
91637 45129750 9500
91316 45129750 9500
94259 45129750 9500
90415 45129750 9500
91477 45129750 9500
90375 45129750 9500
93012 45129750 9500
90738 45129750 9500
90211 45129750 9500
92245 45129750 9500
////////// SelectionSort Losowo 10000 //////////
100092 50005000 10000
100192 50005000 10000
100353 50005000 10000
103221 50005000 10000
100837 50005000 10000
101342 50005000 10000
100371 50005000 10000
102683 50005000 10000
101446 50005000 10000
101220 50005000 10000
