////////// SelectionSort Malej¹co 500 //////////
270 125250 500 125750
271 125250 500 125750
271 125250 500 125750
271 125250 500 125750
271 125250 500 125750
271 125250 500 125750
271 125250 500 125750
271 125250 500 125750
271 125250 500 125750
279 125250 500 125750
////////// SelectionSort Malej¹co 1000 //////////
1092 500500 1000 501500
1075 500500 1000 501500
1045 500500 1000 501500
1048 500500 1000 501500
1076 500500 1000 501500
1077 500500 1000 501500
1044 500500 1000 501500
1044 500500 1000 501500
1045 500500 1000 501500
1045 500500 1000 501500
////////// SelectionSort Malej¹co 1500 //////////
2321 1125750 1500 1127250
2345 1125750 1500 1127250
2307 1125750 1500 1127250
2322 1125750 1500 1127250
2323 1125750 1500 1127250
2352 1125750 1500 1127250
2323 1125750 1500 1127250
2387 1125750 1500 1127250
2322 1125750 1500 1127250
2322 1125750 1500 1127250
////////// SelectionSort Malej¹co 2000 //////////
4121 2001000 2000 2003000
4237 2001000 2000 2003000
4135 2001000 2000 2003000
4114 2001000 2000 2003000
4188 2001000 2000 2003000
4127 2001000 2000 2003000
4134 2001000 2000 2003000
4134 2001000 2000 2003000
4135 2001000 2000 2003000
4099 2001000 2000 2003000
////////// SelectionSort Malej¹co 2500 //////////
6554 3126250 2500 3128750
6452 3126250 2500 3128750
6909 3126250 2500 3128750
6390 3126250 2500 3128750
6475 3126250 2500 3128750
6660 3126250 2500 3128750
6586 3126250 2500 3128750
6507 3126250 2500 3128750
6405 3126250 2500 3128750
6408 3126250 2500 3128750
////////// SelectionSort Malej¹co 3000 //////////
9027 4501500 3000 4504500
9374 4501500 3000 4504500
9141 4501500 3000 4504500
9024 4501500 3000 4504500
9406 4501500 3000 4504500
9240 4501500 3000 4504500
9088 4501500 3000 4504500
9139 4501500 3000 4504500
9391 4501500 3000 4504500
9840 4501500 3000 4504500
////////// SelectionSort Malej¹co 3500 //////////
12850 6126750 3500 6130250
12501 6126750 3500 6130250
12300 6126750 3500 6130250
12361 6126750 3500 6130250
12377 6126750 3500 6130250
12291 6126750 3500 6130250
12558 6126750 3500 6130250
12275 6126750 3500 6130250
12291 6126750 3500 6130250
12677 6126750 3500 6130250
////////// SelectionSort Malej¹co 4000 //////////
16065 8002000 4000 8006000
16284 8002000 4000 8006000
16509 8002000 4000 8006000
16412 8002000 4000 8006000
16244 8002000 4000 8006000
16420 8002000 4000 8006000
16809 8002000 4000 8006000
16285 8002000 4000 8006000
16019 8002000 4000 8006000
16323 8002000 4000 8006000
////////// SelectionSort Malej¹co 4500 //////////
20508 10127250 4500 10131750
20274 10127250 4500 10131750
20490 10127250 4500 10131750
20416 10127250 4500 10131750
20543 10127250 4500 10131750
21731 10127250 4500 10131750
20406 10127250 4500 10131750
20641 10127250 4500 10131750
20444 10127250 4500 10131750
20364 10127250 4500 10131750
////////// SelectionSort Malej¹co 5000 //////////
25538 12502500 5000 12507500
25290 12502500 5000 12507500
25163 12502500 5000 12507500
26872 12502500 5000 12507500
24909 12502500 5000 12507500
25362 12502500 5000 12507500
25128 12502500 5000 12507500
25073 12502500 5000 12507500
25013 12502500 5000 12507500
25020 12502500 5000 12507500
////////// SelectionSort Malej¹co 5500 //////////
30506 15127750 5500 15133250
30930 15127750 5500 15133250
30762 15127750 5500 15133250
30543 15127750 5500 15133250
30547 15127750 5500 15133250
30639 15127750 5500 15133250
31136 15127750 5500 15133250
30889 15127750 5500 15133250
30580 15127750 5500 15133250
31057 15127750 5500 15133250
////////// SelectionSort Malej¹co 6000 //////////
36119 18003000 6000 18009000
36076 18003000 6000 18009000
36001 18003000 6000 18009000
36368 18003000 6000 18009000
36381 18003000 6000 18009000
35966 18003000 6000 18009000
35936 18003000 6000 18009000
36532 18003000 6000 18009000
35830 18003000 6000 18009000
36014 18003000 6000 18009000
////////// SelectionSort Malej¹co 6500 //////////
42847 21128250 6500 21134750
42741 21128250 6500 21134750
42910 21128250 6500 21134750
42538 21128250 6500 21134750
42088 21128250 6500 21134750
42535 21128250 6500 21134750
42419 21128250 6500 21134750
42085 21128250 6500 21134750
42912 21128250 6500 21134750
42230 21128250 6500 21134750
////////// SelectionSort Malej¹co 7000 //////////
49247 24503500 7000 24510500
49204 24503500 7000 24510500
48989 24503500 7000 24510500
49075 24503500 7000 24510500
49133 24503500 7000 24510500
49329 24503500 7000 24510500
49815 24503500 7000 24510500
49468 24503500 7000 24510500
49692 24503500 7000 24510500
49200 24503500 7000 24510500
////////// SelectionSort Malej¹co 7500 //////////
56789 28128750 7500 28136250
56420 28128750 7500 28136250
56428 28128750 7500 28136250
56837 28128750 7500 28136250
57007 28128750 7500 28136250
56200 28128750 7500 28136250
56278 28128750 7500 28136250
56528 28128750 7500 28136250
58320 28128750 7500 28136250
56285 28128750 7500 28136250
////////// SelectionSort Malej¹co 8000 //////////
65224 32004000 8000 32012000
64145 32004000 8000 32012000
63977 32004000 8000 32012000
63873 32004000 8000 32012000
65264 32004000 8000 32012000
63753 32004000 8000 32012000
65115 32004000 8000 32012000
63788 32004000 8000 32012000
65054 32004000 8000 32012000
63755 32004000 8000 32012000
////////// SelectionSort Malej¹co 8500 //////////
72691 36129250 8500 36137750
71798 36129250 8500 36137750
71619 36129250 8500 36137750
72294 36129250 8500 36137750
74792 36129250 8500 36137750
71746 36129250 8500 36137750
71853 36129250 8500 36137750
71903 36129250 8500 36137750
71855 36129250 8500 36137750
71797 36129250 8500 36137750
////////// SelectionSort Malej¹co 9000 //////////
80532 40504500 9000 40513500
81673 40504500 9000 40513500
80711 40504500 9000 40513500
80593 40504500 9000 40513500
80448 40504500 9000 40513500
80315 40504500 9000 40513500
80407 40504500 9000 40513500
80342 40504500 9000 40513500
80451 40504500 9000 40513500
80512 40504500 9000 40513500
////////// SelectionSort Malej¹co 9500 //////////
90110 45129750 9500 45139250
89674 45129750 9500 45139250
89534 45129750 9500 45139250
89772 45129750 9500 45139250
89726 45129750 9500 45139250
89633 45129750 9500 45139250
96721 45129750 9500 45139250
92488 45129750 9500 45139250
94270 45129750 9500 45139250
90021 45129750 9500 45139250
////////// SelectionSort Malej¹co 10000 //////////
99630 50005000 10000 50015000
99874 50005000 10000 50015000
100791 50005000 10000 50015000
99149 50005000 10000 50015000
99078 50005000 10000 50015000
99445 50005000 10000 50015000
99784 50005000 10000 50015000
99259 50005000 10000 50015000
100082 50005000 10000 50015000
99184 50005000 10000 50015000
