////////// SelectionSort A-kszta速ne 500 //////////
288 125250 500
300 125250 500
289 125250 500
289 125250 500
289 125250 500
289 125250 500
289 125250 500
297 125250 500
290 125250 500
289 125250 500
////////// SelectionSort A-kszta速ne 1000 //////////
1131 500500 1000
1118 500500 1000
1100 500500 1000
1097 500500 1000
1099 500500 1000
1159 500500 1000
1098 500500 1000
1098 500500 1000
1098 500500 1000
1098 500500 1000
////////// SelectionSort A-kszta速ne 1500 //////////
2431 1125750 1500
2451 1125750 1500
2451 1125750 1500
2431 1125750 1500
2432 1125750 1500
2430 1125750 1500
2511 1125750 1500
2482 1125750 1500
2501 1125750 1500
2429 1125750 1500
////////// SelectionSort A-kszta速ne 2000 //////////
4272 2001000 2000
4311 2001000 2000
4426 2001000 2000
4265 2001000 2000
4266 2001000 2000
4531 2001000 2000
4304 2001000 2000
4268 2001000 2000
4273 2001000 2000
4301 2001000 2000
////////// SelectionSort A-kszta速ne 2500 //////////
6578 3126250 2500
6741 3126250 2500
6682 3126250 2500
6575 3126250 2500
6677 3126250 2500
6575 3126250 2500
6798 3126250 2500
6765 3126250 2500
6579 3126250 2500
6686 3126250 2500
////////// SelectionSort A-kszta速ne 3000 //////////
9493 4501500 3000
9600 4501500 3000
9408 4501500 3000
9494 4501500 3000
9592 4501500 3000
9436 4501500 3000
9660 4501500 3000
9969 4501500 3000
9609 4501500 3000
9454 4501500 3000
////////// SelectionSort A-kszta速ne 3500 //////////
12767 6126750 3500
12991 6126750 3500
13146 6126750 3500
12812 6126750 3500
12901 6126750 3500
12802 6126750 3500
12984 6126750 3500
12859 6126750 3500
12890 6126750 3500
12858 6126750 3500
////////// SelectionSort A-kszta速ne 4000 //////////
16882 8002000 4000
16947 8002000 4000
17087 8002000 4000
16710 8002000 4000
17162 8002000 4000
16906 8002000 4000
16691 8002000 4000
16644 8002000 4000
16638 8002000 4000
16662 8002000 4000
////////// SelectionSort A-kszta速ne 4500 //////////
21428 10127250 4500
21097 10127250 4500
21855 10127250 4500
21029 10127250 4500
21619 10127250 4500
20962 10127250 4500
21082 10127250 4500
21052 10127250 4500
21023 10127250 4500
21033 10127250 4500
////////// SelectionSort A-kszta速ne 5000 //////////
26194 12502500 5000
26087 12502500 5000
25814 12502500 5000
26582 12502500 5000
25959 12502500 5000
25991 12502500 5000
25932 12502500 5000
26779 12502500 5000
26140 12502500 5000
25909 12502500 5000
////////// SelectionSort A-kszta速ne 5500 //////////
31324 15127750 5500
31293 15127750 5500
31355 15127750 5500
31361 15127750 5500
32830 15127750 5500
31245 15127750 5500
31331 15127750 5500
32022 15127750 5500
31594 15127750 5500
31310 15127750 5500
////////// SelectionSort A-kszta速ne 6000 //////////
37306 18003000 6000
39618 18003000 6000
37366 18003000 6000
37217 18003000 6000
37292 18003000 6000
38246 18003000 6000
38685 18003000 6000
37180 18003000 6000
37181 18003000 6000
37233 18003000 6000
////////// SelectionSort A-kszta速ne 6500 //////////
43825 21128250 6500
43735 21128250 6500
45205 21128250 6500
43649 21128250 6500
44193 21128250 6500
44880 21128250 6500
43654 21128250 6500
43823 21128250 6500
44384 21128250 6500
43748 21128250 6500
////////// SelectionSort A-kszta速ne 7000 //////////
50483 24503500 7000
50956 24503500 7000
50775 24503500 7000
51209 24503500 7000
51431 24503500 7000
50528 24503500 7000
50435 24503500 7000
50606 24503500 7000
52435 24503500 7000
50569 24503500 7000
////////// SelectionSort A-kszta速ne 7500 //////////
58688 28128750 7500
58787 28128750 7500
57920 28128750 7500
58008 28128750 7500
58134 28128750 7500
58037 28128750 7500
58585 28128750 7500
57984 28128750 7500
58321 28128750 7500
58287 28128750 7500
////////// SelectionSort A-kszta速ne 8000 //////////
66062 32004000 8000
66071 32004000 8000
67295 32004000 8000
66190 32004000 8000
66775 32004000 8000
65909 32004000 8000
67573 32004000 8000
65924 32004000 8000
67879 32004000 8000
67523 32004000 8000
////////// SelectionSort A-kszta速ne 8500 //////////
77165 36129250 8500
74583 36129250 8500
74374 36129250 8500
74769 36129250 8500
74372 36129250 8500
74998 36129250 8500
74599 36129250 8500
76032 36129250 8500
75047 36129250 8500
74425 36129250 8500
////////// SelectionSort A-kszta速ne 9000 //////////
83453 40504500 9000
83425 40504500 9000
84150 40504500 9000
84393 40504500 9000
84683 40504500 9000
83288 40504500 9000
84121 40504500 9000
84444 40504500 9000
84277 40504500 9000
86566 40504500 9000
////////// SelectionSort A-kszta速ne 9500 //////////
93169 45129750 9500
92929 45129750 9500
94248 45129750 9500
94709 45129750 9500
94426 45129750 9500
93193 45129750 9500
96025 45129750 9500
93382 45129750 9500
93101 45129750 9500
93805 45129750 9500
////////// SelectionSort A-kszta速ne 10000 //////////
104813 50005000 10000
103372 50005000 10000
104515 50005000 10000
103913 50005000 10000
102967 50005000 10000
103293 50005000 10000
106181 50005000 10000
103308 50005000 10000
103329 50005000 10000
104284 50005000 10000
