////////// ShellSort Losowo 500 //////////
46 6222 4059
45 5916 3747
47 6221 4049
43 5753 3582
44 5759 3589
45 5942 3755
46 5868 3697
45 6240 4075
46 6117 3954
45 6018 3859
////////// ShellSort Losowo 1000 //////////
100 14389 9787
99 15015 10395
97 14268 9643
99 14523 9906
99 14963 10375
97 14028 9422
100 14634 10025
99 14755 10168
99 14902 10303
100 14786 10156
////////// ShellSort Losowo 1500 //////////
170 24405 16469
172 25233 17253
169 23557 15581
167 24388 16502
164 22866 14855
166 23261 15309
165 23595 15638
168 23728 15750
165 23500 15472
172 23657 15704
////////// ShellSort Losowo 2000 //////////
236 35222 24380
231 33904 23065
226 31878 21061
237 34645 23820
242 35008 24097
242 35006 24175
231 33887 23005
230 33712 22823
230 32723 21812
228 32422 21540
////////// ShellSort Losowo 2500 //////////
302 43854 30008
295 43785 30004
317 47194 33395
295 43683 29870
292 43510 29652
294 44285 30434
292 42157 28373
312 46816 32984
293 43905 30073
291 43172 29366
////////// ShellSort Losowo 3000 //////////
365 55342 38513
380 59156 42424
368 56833 39996
369 57449 40760
375 54762 37957
367 55117 38285
377 58910 42129
362 55132 38374
364 55209 38448
364 55164 38409
////////// ShellSort Losowo 3500 //////////
462 67175 45508
457 67281 45640
462 68924 47318
455 66860 45142
451 67494 45850
453 66641 44957
448 63657 42049
464 69414 47712
447 64540 42861
454 65984 44341
////////// ShellSort Losowo 4000 //////////
530 80851 55833
547 77471 52362
522 75726 50561
533 77586 52475
527 78553 53437
551 75058 49929
519 76916 51832
535 81058 55966
519 76591 51586
544 78577 53527
////////// ShellSort Losowo 4500 //////////
629 87854 59376
617 95996 67607
607 91219 62757
615 90174 61787
614 93882 65444
603 89687 61400
604 90301 61889
609 94441 65945
601 89814 61283
587 87261 58847
////////// ShellSort Losowo 5000 //////////
705 105237 73459
693 105027 73169
678 101449 69499
656 97378 65548
678 100108 68165
692 102787 71029
684 104988 73031
704 104363 72549
692 105171 73254
697 106417 74467
////////// ShellSort Losowo 5500 //////////
737 110160 74922
810 123572 88247
759 118259 83053
770 109589 74274
775 119062 83910
794 117143 81789
744 112842 77637
784 116776 81591
781 118778 83495
750 111769 76567
////////// ShellSort Losowo 6000 //////////
842 128505 89868
858 127314 88673
832 128900 90101
847 124641 85899
862 134229 95438
850 135235 96669
831 126398 87807
876 133414 94791
834 127523 88730
845 125663 87081
////////// ShellSort Losowo 6500 //////////
933 139453 97288
933 134551 92320
922 140190 98224
910 142131 100034
898 134275 92106
915 138104 95948
902 137187 95193
927 142253 100078
944 137563 95427
973 150817 108743
////////// ShellSort Losowo 7000 //////////
1000 152183 106488
1022 161597 116141
984 154172 108567
1002 156855 111397
1005 154229 108536
1036 155726 110077
997 157092 111347
990 151239 105771
987 150322 104658
990 151655 106107
////////// ShellSort Losowo 7500 //////////
1075 167427 118529
1064 165096 116220
1095 173148 124212
1082 171712 122668
1106 164150 115260
1123 169492 120450
1074 161459 112365
1089 165627 116610
1071 168075 118921
1085 170145 121157
////////// ShellSort Losowo 8000 //////////
1166 186904 134374
1148 176011 123651
1254 192664 140296
1161 183983 131635
1143 177712 125337
1179 174703 122180
1126 173928 121386
1158 181183 128832
1209 184171 131674
1150 180012 127466
////////// ShellSort Losowo 8500 //////////
1305 206164 150288
1285 189064 133248
1252 201892 145850
1257 193806 137774
1258 204168 148192
1233 193080 137253
1255 198628 142825
1270 194509 138774
1313 200179 144208
1305 192840 136985
////////// ShellSort Losowo 9000 //////////
1332 211020 151670
1315 210214 150968
1340 210912 151407
1342 212779 153564
1335 215839 156435
1326 211204 151778
1321 208451 148991
1369 224270 164835
1358 225075 165811
1396 218017 158618
////////// ShellSort Losowo 9500 //////////
1446 227630 164719
1395 222443 159516
1431 232113 169317
1414 221151 158394
1430 232438 169473
1445 234404 171692
1408 225168 162307
1469 231217 168549
1402 221055 158313
1468 228429 165520
////////// ShellSort Losowo 10000 //////////
1592 242582 170897
1608 234519 162777
1586 245213 173325
1560 244124 172383
1549 238396 166712
1531 229613 157870
1537 233699 161971
1510 228708 157039
1572 241836 169825
1569 246421 174604
