////////// ShellSort Malej¹co 100 //////////
1 282 0 282
1 282 0 282
1 282 0 282
1 282 0 282
1 282 0 282
1 282 0 282
1 282 0 282
1 282 0 282
1 282 0 282
1 282 0 282
////////// ShellSort Malej¹co 500 //////////
8 2321 0 2321
8 2321 0 2321
12 2321 0 2321
8 2321 0 2321
8 2321 0 2321
9 2321 0 2321
8 2321 0 2321
8 2321 0 2321
9 2321 0 2321
9 2321 0 2321
////////// ShellSort Malej¹co 1000 //////////
18 4821 0 4821
18 4821 0 4821
18 4821 0 4821
18 4821 0 4821
17 4821 0 4821
17 4821 0 4821
19 4821 0 4821
16 4821 0 4821
17 4821 0 4821
17 4821 0 4821
////////// ShellSort Malej¹co 1500 //////////
29 8457 0 8457
30 8457 0 8457
30 8457 0 8457
30 8457 0 8457
30 8457 0 8457
29 8457 0 8457
29 8457 0 8457
31 8457 0 8457
30 8457 0 8457
30 8457 0 8457
////////// ShellSort Malej¹co 2000 //////////
41 11457 0 11457
40 11457 0 11457
40 11457 0 11457
41 11457 0 11457
40 11457 0 11457
41 11457 0 11457
41 11457 0 11457
39 11457 0 11457
41 11457 0 11457
41 11457 0 11457
////////// ShellSort Malej¹co 2500 //////////
50 14457 0 14457
51 14457 0 14457
51 14457 0 14457
51 14457 0 14457
60 14457 0 14457
68 14457 0 14457
50 14457 0 14457
51 14457 0 14457
50 14457 0 14457
51 14457 0 14457
////////// ShellSort Malej¹co 3000 //////////
62 17457 0 17457
61 17457 0 17457
61 17457 0 17457
63 17457 0 17457
61 17457 0 17457
61 17457 0 17457
61 17457 0 17457
61 17457 0 17457
61 17457 0 17457
61 17457 0 17457
////////// ShellSort Malej¹co 3500 //////////
80 22864 0 22864
80 22864 0 22864
80 22864 0 22864
80 22864 0 22864
80 22864 0 22864
80 22864 0 22864
80 22864 0 22864
80 22864 0 22864
82 22864 0 22864
80 22864 0 22864
////////// ShellSort Malej¹co 4000 //////////
92 26364 0 26364
93 26364 0 26364
92 26364 0 26364
95 26364 0 26364
92 26364 0 26364
107 26364 0 26364
92 26364 0 26364
92 26364 0 26364
92 26364 0 26364
92 26364 0 26364
////////// ShellSort Malej¹co 4500 //////////
104 29864 0 29864
105 29864 0 29864
105 29864 0 29864
105 29864 0 29864
104 29864 0 29864
104 29864 0 29864
105 29864 0 29864
104 29864 0 29864
104 29864 0 29864
104 29864 0 29864
////////// ShellSort Malej¹co 5000 //////////
117 33364 0 33364
117 33364 0 33364
117 33364 0 33364
117 33364 0 33364
116 33364 0 33364
117 33364 0 33364
117 33364 0 33364
117 33364 0 33364
117 33364 0 33364
117 33364 0 33364
////////// ShellSort Malej¹co 5500 //////////
129 36864 0 36864
129 36864 0 36864
129 36864 0 36864
129 36864 0 36864
129 36864 0 36864
129 36864 0 36864
129 36864 0 36864
125 36864 0 36864
129 36864 0 36864
129 36864 0 36864
////////// ShellSort Malej¹co 6000 //////////
146 40364 0 40364
141 40364 0 40364
141 40364 0 40364
141 40364 0 40364
141 40364 0 40364
141 40364 0 40364
141 40364 0 40364
141 40364 0 40364
141 40364 0 40364
141 40364 0 40364
////////// ShellSort Malej¹co 6500 //////////
153 43864 0 43864
154 43864 0 43864
153 43864 0 43864
154 43864 0 43864
154 43864 0 43864
154 43864 0 43864
154 43864 0 43864
154 43864 0 43864
154 43864 0 43864
153 43864 0 43864
////////// ShellSort Malej¹co 7000 //////////
166 47364 0 47364
170 47364 0 47364
167 47364 0 47364
166 47364 0 47364
167 47364 0 47364
167 47364 0 47364
166 47364 0 47364
171 47364 0 47364
171 47364 0 47364
279 47364 0 47364
////////// ShellSort Malej¹co 7500 //////////
183 50864 0 50864
183 50864 0 50864
184 50864 0 50864
178 50864 0 50864
178 50864 0 50864
178 50864 0 50864
179 50864 0 50864
202 50864 0 50864
178 50864 0 50864
178 50864 0 50864
////////// ShellSort Malej¹co 8000 //////////
190 54364 0 54364
191 54364 0 54364
191 54364 0 54364
190 54364 0 54364
191 54364 0 54364
190 54364 0 54364
191 54364 0 54364
190 54364 0 54364
191 54364 0 54364
190 54364 0 54364
////////// ShellSort Malej¹co 8500 //////////
204 57864 0 57864
202 57864 0 57864
203 57864 0 57864
203 57864 0 57864
204 57864 0 57864
204 57864 0 57864
202 57864 0 57864
204 57864 0 57864
203 57864 0 57864
202 57864 0 57864
////////// ShellSort Malej¹co 9000 //////////
215 61364 0 61364
217 61364 0 61364
215 61364 0 61364
216 61364 0 61364
215 61364 0 61364
215 61364 0 61364
215 61364 0 61364
228 61364 0 61364
215 61364 0 61364
217 61364 0 61364
////////// ShellSort Malej¹co 9500 //////////
227 64864 0 64864
227 64864 0 64864
230 64864 0 64864
229 64864 0 64864
229 64864 0 64864
229 64864 0 64864
227 64864 0 64864
227 64864 0 64864
228 64864 0 64864
228 64864 0 64864
////////// ShellSort Malej¹co 10000 //////////
265 75084 0 75084
311 75084 0 75084
266 75084 0 75084
265 75084 0 75084
265 75084 0 75084
265 75084 0 75084
264 75084 0 75084
293 75084 0 75084
264 75084 0 75084
267 75084 0 75084
