////////// ShellSort A-kszta速ne 100 //////////
4 593 353 946
4 584 340 924
4 588 347 935
4 591 347 938
4 595 351 946
4 590 348 938
4 584 342 926
4 588 343 931
4 587 345 932
4 586 340 926
////////// ShellSort A-kszta速ne 500 //////////
19 3911 1779
19 3903 1761
19 3912 1779
19 3899 1757
20 3907 1769
19 3909 1780
20 3920 1751
19 3905 1763
19 3916 1784
19 3910 1766
////////// ShellSort A-kszta速ne 1000 //////////
41 9075 4661
41 9072 4636
43 9073 4584
42 9070 4655
41 9085 4647
41 9084 4672
41 9054 4564
42 9059 4621
42 9076 4639
42 9081 4592
////////// ShellSort A-kszta速ne 1500 //////////
63 14010 6064
62 13997 6058
63 14003 6119
63 14001 6128
63 13996 6099
62 13988 6067
62 14007 6131
62 13985 6101
62 13984 6083
62 14007 6078
////////// ShellSort A-kszta速ne 2000 //////////
87 19701 9199
87 19685 9066
87 19697 9117
87 19693 9197
88 19682 9103
86 19687 9192
86 19669 9172
86 19707 9199
86 19687 9110
86 19684 9062
////////// ShellSort A-kszta速ne 2500 //////////
107 25496 12161
109 25477 12091
109 25478 12092
108 25492 12142
108 25497 12135
108 25466 12053
109 25480 12090
109 25493 12119
109 25462 12037
109 25476 12040
////////// ShellSort A-kszta速ne 3000 //////////
134 31662 15476
134 31676 15375
137 31686 15500
133 31654 15369
133 31651 15433
133 31659 15432
133 31642 15408
133 31651 15421
133 31690 15439
133 31695 15493
////////// ShellSort A-kszta速ne 3500 //////////
158 37087 15871
158 37088 15839
158 37103 15885
159 37079 15708
163 37096 15753
159 37114 15744
158 37120 15754
157 37130 15782
163 37090 15865
158 37102 15736
////////// ShellSort A-kszta速ne 4000 //////////
185 42984 18449
179 43019 18516
178 42976 18482
179 42962 18315
178 42934 18442
178 42946 18469
179 42993 18343
179 42995 18456
178 42985 18506
180 42963 18304
////////// ShellSort A-kszta速ne 4500 //////////
210 48759 20340
203 48794 20382
204 48764 20495
202 48792 20512
204 48735 20456
204 48785 20382
206 48787 20368
204 48762 20363
203 48736 20436
203 48716 20422
////////// ShellSort A-kszta速ne 5000 //////////
225 54866 23482
225 54917 23527
225 54843 23468
226 54891 23486
226 54887 23494
226 54866 23479
227 54905 23366
228 54893 23334
226 54833 23283
238 54888 23333
////////// ShellSort A-kszta速ne 5500 //////////
249 61271 26815
250 61267 26830
248 61261 26838
249 61244 26583
250 61244 26605
249 61230 26778
256 61275 26831
249 61279 26644
251 61230 26571
250 61259 26830
////////// ShellSort A-kszta速ne 6000 //////////
279 67838 30121
322 67813 29891
279 67886 30194
289 67911 29974
279 67869 29946
278 67862 30185
287 67924 30221
279 67830 29912
290 67845 29955
281 67851 29916
////////// ShellSort A-kszta速ne 6500 //////////
313 74319 33073
305 74382 32942
304 74289 32833
305 74358 32894
304 74365 33135
305 74348 32905
313 74352 32907
304 74330 33073
303 74378 33151
305 74338 32871
////////// ShellSort A-kszta速ne 7000 //////////
330 81008 36412
352 80916 36330
340 80936 36340
331 80925 36098
341 80883 36049
330 80903 36307
332 80898 36299
331 80909 36065
334 80955 36098
332 80926 36078
////////// ShellSort A-kszta速ne 7500 //////////
358 87743 39726
368 87734 39988
356 87748 40017
356 87740 39750
359 87723 39750
358 87755 40030
357 87739 40023
357 87731 39723
360 87778 39789
356 87700 39962
////////// ShellSort A-kszta速ne 8000 //////////
406 94573 43435
393 94602 43472
381 94555 43746
378 94625 43837
380 94600 43793
381 94621 43499
381 94568 43724
377 94597 43766
399 94597 43787
380 94569 43446
////////// ShellSort A-kszta速ne 8500 //////////
421 101699 47564
424 101714 47255
411 101688 47570
410 101687 47483
412 101756 47312
413 101701 47269
412 101700 47528
411 101734 47564
411 101682 47256
412 101747 47624
////////// ShellSort A-kszta速ne 9000 //////////
452 108600 50725
439 108577 50739
440 108527 50629
443 108604 50416
443 108578 50679
442 108623 50478
437 108614 50756
440 108601 50427
453 108585 50722
439 108572 50691
////////// ShellSort A-kszta速ne 9500 //////////
459 115447 54402
463 115449 54160
457 115382 54349
459 115418 54402
460 115470 54423
475 115425 54078
460 115479 54453
463 115473 54117
462 115430 54134
459 115424 54051
////////// ShellSort A-kszta速ne 10000 //////////
506 120035 48716
491 119998 48769
489 120014 49114
490 120036 49003
491 120079 49049
493 120015 49010
503 120002 49031
492 120007 48972
487 120059 49045
489 120028 48807
