////////// ShellSort V-kszta速ne 100 //////////
4 588 314 902
4 585 310 895
4 586 310 896
4 587 312 899
4 586 312 898
4 588 313 901
3 593 319 912
4 586 312 898
3 591 317 908
3 590 316 906
////////// ShellSort V-kszta速ne 500 //////////
19 3915 1649
18 3912 1650
19 3910 1646
19 3916 1650
19 3902 1638
19 3911 1640
19 3918 1652
19 3910 1645
19 3923 1658
19 3905 1645
////////// ShellSort V-kszta速ne 1000 //////////
40 9077 4309
40 9053 4285
42 9071 4299
41 9068 4300
39 9046 4277
40 9064 4296
41 9077 4307
40 9072 4304
42 9068 4299
40 9070 4302
////////// ShellSort V-kszta速ne 1500 //////////
61 14004 5740
60 13999 5716
60 13993 5734
61 13984 5725
61 13994 5710
61 13975 5695
60 13998 5734
60 13988 5704
60 13991 5720
60 13997 5718
////////// ShellSort V-kszta速ne 2000 //////////
83 19629 8355
84 19655 8392
86 19697 8423
85 19667 8392
86 19670 8387
84 19665 8387
84 19687 8419
85 19667 8396
84 19661 8402
85 19666 8387
////////// ShellSort V-kszta速ne 2500 //////////
107 25437 11192
107 25455 11207
107 25448 11193
107 25459 11200
107 25467 11213
106 25442 11193
109 25395 11146
106 25428 11183
106 25446 11194
106 25449 11204
////////// ShellSort V-kszta速ne 3000 //////////
134 31658 14391
130 31669 14404
134 31666 14384
130 31696 14430
131 31642 14357
130 31671 14403
131 31646 14366
129 31622 14342
130 31674 14404
131 31695 14419
////////// ShellSort V-kszta速ne 3500 //////////
155 37056 14780
155 37050 14748
159 37045 14790
155 37044 14769
174 37035 14785
155 37078 14796
160 37079 14751
150 37034 14755
155 37102 14810
153 37043 14768
////////// ShellSort V-kszta速ne 4000 //////////
181 42842 17173
178 42921 17208
177 42904 17232
178 42936 17210
177 42930 17246
177 42916 17192
178 42888 17163
178 42895 17172
178 42903 17200
178 42898 17168
////////// ShellSort V-kszta速ne 4500 //////////
199 48756 19459
200 48727 19484
198 48748 19477
200 48714 19418
221 48743 19446
210 48781 19521
199 48741 19426
200 48773 19519
205 48733 19482
199 48748 19492
////////// ShellSort V-kszta速ne 5000 //////////
222 54895 22177
229 54869 22103
223 54861 22093
223 54846 22107
224 54845 22100
223 54854 22095
223 54892 22118
223 54857 22093
223 54839 22059
223 54860 22122
////////// ShellSort V-kszta速ne 5500 //////////
249 61351 25114
262 61303 25069
248 61357 25122
249 61382 25122
248 61287 25106
268 61323 25088
249 61318 25086
248 61320 25138
247 61360 25175
249 61344 25132
////////// ShellSort V-kszta速ne 6000 //////////
276 67957 28164
276 67912 28073
277 67993 28190
275 67982 28180
285 67977 28129
296 67928 28085
284 67941 28108
276 67997 28171
276 67918 28138
277 67973 28131
////////// ShellSort V-kszta速ne 6500 //////////
306 74226 31069
297 74279 31071
297 74267 31060
296 74281 31113
307 74233 31012
296 74224 31012
296 74262 31051
306 74257 31101
353 74289 31060
297 74215 31062
////////// ShellSort V-kszta速ne 7000 //////////
325 80656 33754
322 80648 33757
332 80648 33761
323 80618 33736
323 80667 33773
322 80662 33764
323 80629 33770
322 80661 33767
322 80640 33767
322 80651 33819
////////// ShellSort V-kszta速ne 7500 //////////
363 87292 37059
343 87307 37132
346 87288 37061
344 87282 37062
342 87332 37160
343 87370 37190
354 87344 37118
375 87263 37031
353 87354 37133
343 87343 37168
////////// ShellSort V-kszta速ne 8000 //////////
379 94619 40728
379 94661 40768
377 94627 40757
377 94613 40698
388 94641 40767
378 94609 40751
388 94656 40791
378 94630 40765
389 94634 40731
379 94605 40693
////////// ShellSort V-kszta速ne 8500 //////////
406 101694 44440
404 101700 44430
405 101749 44529
426 101682 44413
425 101703 44457
416 101733 44470
417 101709 44503
425 101702 44501
404 101770 44560
404 101689 44483
////////// ShellSort V-kszta速ne 9000 //////////
430 108413 47572
430 108442 47626
429 108488 47662
473 108451 47658
430 108476 47642
428 108429 47602
433 108522 47666
430 108437 47641
433 108479 47674
429 108504 47724
////////// ShellSort V-kszta速ne 9500 //////////
454 115533 51301
442 115464 51243
546 115528 51278
456 115557 51312
467 115509 51251
501 115581 51382
454 115595 51355
453 115519 51276
500 115540 51254
456 115525 51279
////////// ShellSort V-kszta速ne 10000 //////////
478 119550 46336
478 119534 46328
477 119601 46389
483 119623 46253
480 119583 46233
477 119476 46251
477 119509 46287
477 119534 46320
494 119559 46196
477 119503 46141
