////////// ShellSort Rosn¹co 500 //////////
19 4629 2608
19 4629 2601
19 4629 2660
19 4629 2671
19 4629 2679
18 4629 2652
19 4629 2671
18 4629 2679
19 4629 2604
18 4629 2660
////////// ShellSort Rosn¹co 1000 //////////
42 10811 6748
45 10811 6632
43 10811 6748
41 10811 6794
41 10811 6792
42 10811 6748
42 10811 6750
43 10811 6634
41 10811 6792
43 10811 6750
////////// ShellSort Rosn¹co 1500 //////////
63 16735 9438
66 16735 9383
64 16735 9411
63 16735 9411
63 16735 9399
65 16735 9466
63 16735 9462
64 16735 9383
63 16735 9379
63 16735 9418
////////// ShellSort Rosn¹co 2000 //////////
80 20661 10624
80 20661 10624
79 20661 10651
79 20661 10819
79 20661 10748
79 20661 10695
80 20661 10807
79 20661 10752
80 20661 10783
79 20661 10620
////////// ShellSort Rosn¹co 2500 //////////
113 29919 17522
114 29919 17646
110 29919 17646
111 29919 17571
111 29919 17496
113 29919 17522
113 29919 17498
112 29919 17399
110 29919 17694
114 29919 17648
////////// ShellSort Rosn¹co 3000 //////////
138 37229 22042
137 37229 22164
138 37229 22064
136 37229 22269
135 37229 22325
136 37229 22024
137 37229 22221
141 37229 22269
140 37229 22221
137 37229 22046
////////// ShellSort Rosn¹co 3500 //////////
142 37976 17380
141 37976 17568
142 37976 17547
142 37976 17558
141 37976 17548
142 37976 17557
142 37976 17386
142 37976 17543
148 37976 17378
142 37976 17306
////////// ShellSort Rosn¹co 4000 //////////
185 49256 25729
179 49256 25694
181 49256 25700
180 49256 25670
179 49256 25970
178 49256 25934
180 49256 25731
180 49256 25724
180 49256 25979
185 49256 25721
////////// ShellSort Rosn¹co 4500 //////////
203 55276 28840
202 55276 28549
201 55276 28844
203 55276 28545
202 55276 28559
207 55276 28810
201 55276 28848
202 55276 28501
202 55276 28531
243 55276 28833
////////// ShellSort Rosn¹co 5000 //////////
212 58080 28458
221 58080 28120
213 58080 28462
219 58080 28119
212 58080 28478
211 58080 28434
212 58080 28446
213 58080 28149
211 58080 28454
221 58080 28136
////////// ShellSort Rosn¹co 5500 //////////
259 70688 38044
260 70688 37986
258 70688 37944
256 70688 38407
259 70688 37945
259 70688 38015
256 70688 38424
264 70688 38385
261 70688 38002
255 70688 38396
////////// ShellSort Rosn¹co 6000 //////////
265 71240 35267
262 71240 35307
267 71240 34938
265 71240 34959
264 71240 35306
267 71240 34951
267 71240 34929
274 71240 34957
267 71240 34895
263 71240 35318
////////// ShellSort Rosn¹co 6500 //////////
318 86602 47708
325 86602 47735
315 86602 48266
327 86602 47800
318 86602 47749
332 86602 48212
317 86602 47781
315 86602 47777
316 86602 47757
315 86602 48249
////////// ShellSort Rosn¹co 7000 //////////
337 91374 48814
332 91374 49275
336 91374 48791
348 91374 48801
335 91374 48828
336 91374 48844
333 91374 48797
342 91374 48833
332 91374 49217
335 91374 48837
////////// ShellSort Rosn¹co 7500 //////////
371 101718 56474
367 101718 57050
370 101718 56490
371 101718 56496
371 101718 56476
370 101718 56540
367 101718 57024
367 101718 57028
371 101718 56499
371 101718 56534
////////// ShellSort Rosn¹co 8000 //////////
428 114438 65781
408 114438 66250
423 114438 65710
408 114438 66299
412 114438 65694
409 114438 66251
414 114438 65741
423 114438 66229
420 114438 66176
407 114438 66256
////////// ShellSort Rosn¹co 8500 //////////
455 128242 77254
456 128242 77225
461 128242 76665
478 128242 77232
470 128242 77281
461 128242 76708
470 128242 77295
462 128242 76701
485 128242 76702
456 128242 77245
////////// ShellSort Rosn¹co 9000 //////////
460 128672 74449
459 128672 74425
461 128672 74385
461 128672 74432
465 128672 73739
465 128672 73833
467 128672 73786
465 128672 73842
468 128672 73808
461 128672 74472
////////// ShellSort Rosn¹co 9500 //////////
527 140662 82964
503 140662 83581
511 140662 82847
511 140662 82916
523 140662 83554
559 140662 82930
503 140662 83599
510 140662 82855
546 140662 83501
504 140662 83493
////////// ShellSort Rosn¹co 10000 //////////
475 131056 63130
481 131056 62459
492 131056 62403
476 131056 63074
478 131056 62477
481 131056 62459
499 131056 62926
477 131056 62551
493 131056 62637
476 131056 63098
